,1994/03,1994/06,1994/09,1994/12,1995/03,1995/06,1995/09,1995/12,1996/03,1996/06,1996/09,1996/12,1997/03,1997/06,1997/09,1997/12,1998/03,1998/06,1998/09,1998/12,1999/03,1999/06,1999/09,1999/12,2000/03,2000/06,2000/09,2000/12,2001/03,2001/06,2001/09,2001/12,2002/03,2002/06,2002/09,2002/12,2003/03,2003/06,2003/09,2003/12,2004/03,2004/06,2004/09,2004/12,2005/03,2005/06,2005/09,2005/12,2006/03,2006/06,2006/09,2006/12,2007/03,2007/06,2007/09,2007/12,2008/03,2008/06,2008/09,2008/12,2009/03,2009/06,2009/09,2009/12,2010/03,2010/06,2010/09,2010/12,2011/03,2011/06,2011/09,2011/12,2012/03,2012/06,2012/09,2012/12,2013/03
% of EPS-to-Industry,0.0,32.4,16.3,18.6,27.7,30.6,126.7,-550.0,733.3,110.0,43.3,28.0,30.1,0.0,0.0,28.7,23.9,23.8,24.3,24.9,25.6,27.1,26.7,27.1,30.3,31.3,32.3,29.6,28.9,28.3,40.4,43.8,48.4,52.4,59.1,62.8,65.5,67.6,70.9,78.1,81.5,85.8,84.5,83.0,77.2,74.7,71.2,70.8,74.9,83.3,89.9,110.5,23200.0,41.3,40.5,37.9,95.1,78.7,118.3,145.8,84.0,87.8,71.5,59.1,86.1,-5.9,-257.9,-35.3,-34.3,-105.3,-35.5,-77.7,184.6,357.6,218.8,203.4,0.0
% of PE-to-Industry,0.0,67.2,117.0,72.6,47.9,60.4,12.4,0.0,3.1,8.8,35.1,67.7,53.6,0.0,0.0,70.1,109.5,139.8,91.2,159.3,97.2,107.9,81.5,85.5,76.8,56.3,59.9,88.0,82.2,117.4,61.6,80.0,80.6,100.7,65.4,59.0,48.1,61.4,52.8,73.5,97.9,68.9,67.4,84.9,79.3,122.7,130.4,128.6,139.2,90.2,73.5,82.3,0.0,0.0,0.0,0.0,0.0,0.0,0.0,0.0,0.0,0.0,0.0,0.0,0.0,0.0,0.0,0.0,0.0,0.0,0.0,0.0,48.2,26.7,43.5,40.3,46.3
% of ROE-to-Industry,0.0,171.2,175.6,187.0,286.8,298.5,919.0,4950.0,1035.7,374.4,187.8,159.8,129.3,0.0,0.0,140.0,124.4,86.9,108.3,98.1,100.6,110.1,104.2,95.8,111.5,108.8,100.5,98.0,132.7,87.4,120.0,87.2,95.7,68.6,108.5,81.7,122.6,84.3,115.1,85.5,114.9,87.1,118.3,89.1,92.4,92.9,100.0,100.0,102.3,115.6,114.4,133.9,700.0,0.0,0.0,0.0,0.0,0.0,0.0,0.0,0.0,0.0,0.0,0.0,0.0,0.0,0.0,0.0,0.0,0.0,0.0,0.0,306.3,1024.0,212.8,206.0,0.0
% of current ratio-to-industry,60.0,51.7,61.5,55.2,53.6,50.0,55.6,53.6,65.4,248.3,392.9,248.3,248.3,0.0,0.0,233.3,234.5,235.7,203.7,210.3,200.0,196.6,192.9,190.3,203.1,229.6,200.0,176.3,241.9,261.5,250.0,37.1,287.5,184.2,173.3,138.1,206.9,142.5,158.1,120.5,158.3,133.3,157.6,129.5,130.2,129.3,117.5,154.3,133.3,145.2,87.8,100.0,120.5,82.9,111.1,183.3,44.4,51.7,44.8,28.0,174.3,276.0,181.5,134.3,124.3,134.3,128.6,124.3,128.9,100.0,117.9,117.5,115.0,131.8,125.6,114.3,0.0
% of debt/equity-to-industry,0.0,0.0,0.0,0.0,0.0,0.0,0.0,0.0,0.0,80.3,80.0,90.2,106.3,0.0,0.0,100.7,126.9,136.6,122.8,105.3,108.1,113.0,118.3,119.4,114.7,119.5,131.1,104.3,124.4,135.7,114.4,0.0,110.1,114.0,103.3,104.1,101.6,91.6,100.0,71.4,83.0,78.6,88.0,87.0,91.5,86.7,94.8,118.2,97.9,111.1,89.4,88.8,92.1,84.2,80.7,83.8,0.0,0.0,0.0,0.0,96.4,132.7,154.3,110.8,103.0,84.1,82.2,77.5,70.6,59.8,56.0,56.0,60.2,50.0,60.5,61.5,0.0
% of earnings-to-industry,0.0,2.4,2.5,2.8,4.1,4.5,14.5,81.3,24.6,9.0,4.7,4.1,4.2,0.0,0.0,5.2,4.5,5.1,7.4,7.2,8.3,9.1,8.9,9.4,10.9,11.2,10.7,10.1,8.4,8.4,7.6,7.9,8.5,8.8,9.9,10.2,10.4,10.2,10.1,10.5,10.3,10.7,11.1,11.1,11.5,11.4,13.3,13.3,14.2,16.1,16.5,19.9,108.0,9.6,8.5,8.0,20.0,16.4,23.2,27.4,14.3,14.5,13.9,14.1,33.6,18.5,-42.9,-4.3,-4.5,-24.4,-6.9,-17.2,42.8,181.8,36.2,33.9,0.0
% of gross profit margin-to-industry,0.0,0.0,70.7,68.1,71.3,75.2,73.1,71.6,68.7,70.2,73.9,74.9,75.1,0.0,0.0,80.1,79.0,82.7,83.9,86.6,87.4,87.8,87.1,87.6,92.2,92.2,98.1,98.1,94.1,95.5,81.5,80.5,77.6,76.3,84.0,85.4,91.1,96.5,96.2,100.4,101.7,103.4,102.5,104.1,104.8,105.5,110.5,113.0,117.6,122.7,121.9,125.4,156.3,229.4,-780.0,-66.7,120.3,114.9,237.0,303.5,200.0,368.3,683.3,117.2,103.2,118.1,120.0,120.4,119.5,115.2,121.9,119.6,117.4,115.3,113.4,114.8,0.0
% of leverage-to-industry,79.4,88.2,84.4,90.3,82.4,85.3,90.9,88.2,67.6,71.9,74.2,77.4,84.4,0.0,0.0,82.4,97.1,97.1,90.9,82.4,85.3,85.3,93.8,93.5,90.9,87.9,93.3,87.5,93.5,90.6,87.9,96.6,84.4,93.1,84.4,89.7,81.3,82.8,85.7,75.9,79.3,79.3,82.1,85.2,88.9,85.2,85.2,85.2,85.2,92.0,88.5,91.3,91.3,95.7,87.5,76.0,84.6,85.2,93.1,89.7,80.0,84.4,96.8,89.7,89.3,80.0,79.3,75.9,75.9,70.0,66.7,66.7,69.0,65.5,69.0,71.4,0.0
% of net profit margin-to-industry,0.0,118.4,118.4,125.7,191.3,204.5,783.3,4800.0,1200.0,436.4,208.3,172.4,169.0,0.0,0.0,151.7,122.9,113.5,104.9,107.1,107.0,111.4,108.5,106.3,120.9,118.6,104.0,100.0,88.5,89.1,96.6,100.0,100.0,95.1,105.3,101.7,106.8,106.5,104.3,108.6,106.8,109.1,112.5,112.2,112.8,112.1,108.2,109.1,113.8,125.0,130.2,146.8,742.9,68.2,61.8,58.0,141.6,112.5,146.7,175.7,96.2,98.3,104.2,102.1,252.8,118.8,-280.0,-28.6,-31.0,-200.0,-50.0,-128.0,300.0,1356.3,282.1,257.3,0.0
% of post-tax profit margin-to-industry,0.0,132.4,136.4,146.7,220.0,236.8,940.0,0.0,1600.0,800.0,263.2,208.3,204.2,0.0,0.0,163.0,126.5,116.7,107.5,107.1,107.0,111.4,106.3,106.3,118.2,115.9,102.0,98.1,87.1,89.1,96.6,100.0,100.0,95.1,105.3,103.4,106.8,106.5,104.3,108.6,108.2,112.0,112.5,113.6,112.8,113.3,109.3,110.2,115.1,126.6,132.3,156.8,1300.0,58.8,57.3,56.0,137.0,112.5,147.2,175.7,96.2,98.7,104.2,102.1,252.8,122.6,-280.0,-28.6,-31.0,-200.0,-51.3,-133.3,300.0,1356.3,278.5,254.2,0.0
% of pre-tax profit margin-to-industry,0.0,0.0,137.7,129.6,106.1,133.3,625.0,0.0,-475.0,-650.0,270.0,241.2,210.5,0.0,0.0,153.2,133.3,120.7,110.6,108.6,106.9,112.2,109.1,107.7,116.7,113.7,102.4,97.7,88.8,90.2,92.9,95.0,94.0,92.1,98.0,97.0,101.0,101.0,102.7,107.9,107.6,110.6,115.0,114.5,114.5,114.5,109.6,110.8,114.7,126.0,133.3,156.3,1050.0,40.8,61.3,67.2,128.7,102.1,150.6,171.2,137.8,160.2,79.1,82.3,84.7,28.9,-53.5,-17.0,3.1,21.2,-6.8,-66.7,-485.7,268.8,151.4,158.1,0.0
% of pric/free cashlow-to-industry,41.9,34.9,36.6,224.8,108.1,112.3,42.4,335.2,35.5,-16.8,-5.3,40.0,30.7,0.0,0.0,154.2,86.5,77.3,88.7,237.8,69.1,50.4,23.3,12.2,71.5,58.1,-52.3,304.8,71.1,73.4,73.7,36.0,66.2,71.4,6.2,217.9,227.3,65.6,25.6,115.9,105.1,89.1,17.6,99.7,98.9,103.7,81.8,124.6,140.1,55.6,30.0,41.9,-16.8,177.1,91.8,87.7,109.8,57.4,96.4,35.9,43.0,53.1,78.4,56.7,51.1,24.1,1.2,-370.1,529.2,358.1,517.4,627.4,190.4,119.1,45.5,35.3,34.4
% of price-to-industry,27.1,26.8,22.7,16.1,15.1,21.3,21.4,24.3,22.3,24.1,20.7,24.4,20.9,0.0,0.0,21.5,27.4,34.4,22.2,39.3,24.7,29.1,21.8,23.0,23.2,17.7,19.3,25.9,23.6,33.2,24.8,35.1,39.2,52.5,38.7,37.2,31.6,41.6,37.4,57.5,79.8,59.1,56.9,70.5,61.3,91.5,92.9,91.0,104.3,75.2,66.1,91.0,82.7,113.8,76.7,69.6,115.8,66.3,121.9,67.1,86.0,63.5,83.1,70.9,103.1,73.7,78.1,88.5,90.0,130.5,78.1,85.6,90.1,94.8,94.9,82.0,105.5
% of price/book-to-industry,223.6,222.9,243.1,161.3,147.5,219.0,197.9,182.4,148.1,162.7,117.9,139.4,107.7,0.0,0.0,107.2,148.1,160.3,97.0,178.2,107.3,123.0,87.9,92.8,92.2,61.7,63.6,85.3,78.4,116.2,74.4,121.2,87.4,117.1,77.4,80.5,63.0,78.0,61.6,88.2,120.0,91.0,80.6,107.7,94.4,141.9,134.4,136.3,154.9,111.1,88.5,124.5,107.1,150.7,93.5,70.6,143.5,77.0,161.1,82.7,104.5,78.3,115.1,88.7,129.2,85.6,88.9,99.3,102.9,138.6,81.3,89.3,99.4,84.0,84.0,75.2,89.3
% of price/cashflow-to-industry,0.0,0.0,154.2,98.8,63.2,91.0,41.2,21.9,32.6,58.7,72.0,97.4,94.4,0.0,0.0,82.9,152.0,231.0,113.2,226.8,138.4,149.9,104.6,120.1,88.0,56.1,64.2,86.7,61.8,139.6,75.2,168.1,112.7,208.2,89.7,124.5,63.9,112.0,64.3,123.0,122.8,122.0,79.2,138.0,113.0,167.6,136.1,137.3,154.1,98.1,79.3,97.7,27.3,236.7,183.1,188.8,115.0,80.1,101.3,46.6,116.1,77.5,103.1,86.2,45.0,71.9,-12.7,-74.9,-109.6,65.3,-68.6,-27.5,46.5,12.1,38.8,35.5,40.9
% of price/sales-to-industry,0.0,155.3,160.6,108.8,97.6,152.5,161.9,150.0,173.7,194.6,131.8,155.0,142.2,0.0,0.0,116.7,148.1,207.9,93.2,190.9,114.3,127.6,92.9,104.0,100.0,68.6,66.0,86.3,53.2,119.4,60.0,135.9,90.7,165.8,74.1,102.9,55.2,98.2,55.8,112.3,111.5,114.0,75.5,135.5,114.7,174.5,146.4,147.2,172.5,119.5,102.0,137.5,122.5,154.8,109.1,105.1,163.6,89.6,151.2,82.6,112.7,77.0,110.0,86.4,128.2,80.5,81.0,95.9,100.0,162.5,90.8,99.1,105.2,112.7,110.9,93.8,104.9
% of sales-to-industry,0.0,2.0,2.2,2.2,2.2,2.2,2.0,2.0,2.0,2.0,2.3,2.3,2.5,0.0,0.0,3.4,3.6,4.6,7.0,6.8,7.7,8.1,8.3,8.7,9.1,9.5,10.2,10.1,9.4,9.4,7.9,8.0,8.5,9.2,9.4,9.8,9.7,9.6,9.6,9.7,9.7,9.8,9.9,9.8,10.2,10.1,12.2,12.2,12.6,13.0,12.6,13.5,13.9,14.3,13.7,13.9,14.2,14.6,15.8,15.6,14.9,14.8,13.4,13.9,13.5,15.4,15.6,14.8,15.0,13.3,13.9,13.6,13.5,13.0,12.9,13.3,0.0
(increase) decrease in inventories,-41.2,-63.1,-61.2,-10.4,-28.3,-36.2,-56.4,-11.1,-36.4,-56.5,-62.4,-30.3,-110.1,-142.8,-145.1,-49.1,-112.7,-195.0,-261.2,-109.2,-238.4,-345.4,-385.6,-124.0,-280.6,-305.9,-299.9,-154.8,-289.1,-416.6,-333.1,-171.9,-116.0,-311.8,-244.2,-231.8,-358.2,-545.8,-486.0,-508.1,-835.3,"-1,334.1","-1,411.1",-841.6,"-1,278.5","-2,003.8","-1,855.2","-1,578.5","-2,354.9","-3,537.8","-3,109.0",-59.1,-4.2,-180.9,737.6,475.9,"1,079.5","1,510.0","2,139.7",174.5,376.2,555.9,577.0,75.0,-108.0,62.5,144.8,21.4,-52.9,-113.5,-74.5,-30.4,-185.0,-412.5,-646.4,-839.6,"-1,150.6"
(increase) decrease in other current assets,0.9,0.7,-0.4,0.9,-0.2,-0.2,-0.9,-0.7,-0.2,-1.8,-4.3,-1.8,-7.5,-6.2,-10.7,0.8,-0.1,-41.0,-55.9,-0.9,-28.7,-62.1,-55.0,-13.8,-25.3,-19.4,-26.9,17.0,-24.9,-33.6,-117.9,-18.4,-45.6,-38.3,-333.6,91.4,101.6,21.0,-11.9,199.5,24.7,32.3,-233.1,49.7,-95.8,-338.7,-882.3,384.2,527.4,0.0,0.0,0.0,454.3,0.0,0.0,0.0,0.0,0.0,0.0,0.0,0.0,0.0,34.1,0.0,0.0,0.0,-29.3,8.8,0.0,0.0,0.0,0.0,0.0,0.0,0.0,0.0,0.0
(increase) decrease in prepaid expenses,0.0,0.0,0.0,0.0,0.0,0.0,0.0,0.0,0.0,0.0,0.0,0.0,0.0,0.0,0.0,0.0,0.0,0.0,0.0,0.0,0.0,0.0,0.0,0.0,0.0,0.0,0.0,0.0,0.0,0.0,0.0,0.0,0.0,0.0,0.0,0.0,0.0,0.0,0.0,0.0,0.0,0.0,0.0,0.0,0.0,0.0,0.0,0.0,0.0,0.0,0.0,0.0,0.0,0.0,0.0,0.0,0.0,0.0,0.0,0.0,0.0,0.0,0.0,0.0,0.0,0.0,0.0,0.0,0.0,0.0,0.0,0.0,0.0,0.0,0.0,0.0,0.0
(increase) decrease in receivables,0.0,0.0,0.0,0.0,0.0,0.0,0.0,0.0,0.0,0.0,0.0,0.0,0.0,0.0,0.0,0.0,0.0,0.0,0.0,0.0,0.0,0.0,0.0,0.0,0.0,0.0,0.0,0.0,0.0,0.0,0.0,0.0,0.0,0.0,0.0,0.0,0.0,0.0,0.0,0.0,0.0,0.0,0.0,0.0,0.0,0.0,0.0,0.0,0.0,0.0,0.0,0.0,0.0,0.0,0.0,0.0,0.0,0.0,0.0,0.0,621.7,551.3,383.1,-88.6,263.7,260.5,277.1,1.7,2.0,2.0,3.6,0.0,-0.5,-0.5,-2.0,14.4,14.4
Basic EPS (Continuing),0.05,0.07,0.05,0.04,0.04,0.06,0.06,0.06,0.04,0.06,0.07,0.06,0.06,0.07,0.10,0.08,0.09,0.12,0.17,0.15,0.15,0.19,0.21,0.19,0.18,0.21,0.22,0.21,0.23,0.30,0.45,0.32,0.34,0.36,0.48,0.38,0.44,0.54,0.76,0.60,0.61,0.81,1.13,0.77,0.94,1.19,1.80,0.99,1.13,0.94,0.88,0.35,0.16,-2.62,-0.16,-0.41,-4.14,-1.26,-2.53,-0.20,-0.34,-0.45,-0.73,0.60,0.04,0.16,-0.03,-0.06,0.09,0.09,0.12,0.09,0.13,2.47,0.31,0.21,0.35
Basic EPS (Cum. Effect of Acct. Change),0.00,0.00,0.00,0.00,0.00,0.00,0.00,0.00,0.00,0.00,0.00,0.00,0.00,0.00,0.00,0.00,0.00,0.00,0.00,0.00,0.00,0.00,0.00,0.00,0.00,0.00,0.00,0.01,0.00,0.00,0.00,0.00,0.00,0.00,0.00,0.00,0.00,0.00,0.00,0.00,0.00,0.00,0.00,0.00,0.00,0.00,0.00,0.00,0.00,0.00,0.00,0.00,0.00,0.00,0.00,0.00,0.00,0.00,0.00,0.00,0.00,0.00,0.00,0.00,0.00,0.00,0.00,0.00,0.00,0.00,0.00,0.00,0.00,0.00,0.00,0.00,0.00
Basic EPS (Discontinued),0.00,0.00,0.00,0.00,0.00,0.00,0.00,0.00,0.00,0.00,0.00,0.00,0.00,0.00,0.00,0.00,0.00,0.00,0.00,0.00,0.00,0.00,0.00,0.00,0.00,0.00,0.00,0.00,0.00,0.00,0.00,0.00,0.00,0.00,0.00,0.00,0.00,0.00,0.00,0.00,0.00,0.00,0.00,0.00,0.00,0.00,0.00,0.00,0.00,0.00,0.00,0.00,0.00,0.00,0.00,0.00,0.00,0.00,0.00,0.00,0.00,0.00,0.00,0.00,0.00,0.00,0.00,0.00,0.00,0.00,0.00,0.00,0.00,0.00,0.00,0.00,0.00
Basic EPS (Extraordinary Items),0.00,0.00,0.00,0.00,0.00,0.00,0.00,0.00,0.00,0.00,0.00,0.00,0.00,0.00,0.00,0.00,0.00,0.00,0.00,0.00,0.00,0.00,0.00,0.00,0.00,0.00,0.00,0.00,0.00,0.00,0.00,0.00,0.00,0.00,0.00,0.00,0.00,0.00,0.00,0.00,0.00,0.00,0.00,0.00,0.00,0.00,0.00,0.00,0.00,0.00,0.00,0.00,0.00,0.00,0.00,0.00,0.00,0.00,0.00,0.00,0.00,0.00,0.00,0.00,0.00,0.00,0.00,0.00,0.00,0.00,0.00,0.00,0.00,0.00,0.00,0.00,0.00
Basic EPS (Other Gains/Losses),0.00,0.00,0.00,0.00,0.00,0.00,0.00,0.00,0.00,0.00,0.00,0.00,0.00,0.00,0.00,0.00,0.00,0.00,0.00,0.00,0.00,0.00,0.00,0.00,0.00,0.00,0.00,0.00,0.00,0.00,0.00,0.00,0.00,0.00,0.00,0.00,0.00,0.00,0.00,0.00,0.00,0.00,0.00,0.00,0.00,0.00,0.00,0.00,0.00,0.00,0.00,0.00,0.00,0.00,0.00,0.00,0.00,0.00,0.00,0.00,0.00,0.00,0.00,0.00,0.00,0.00,0.00,0.00,0.00,0.00,0.00,0.00,0.00,0.00,0.00,0.00,0.00
Basic EPS (Tax Loss Carry Forward),0.00,0.00,0.00,0.00,0.00,0.00,0.00,0.00,0.00,0.00,0.00,0.00,0.00,0.00,0.00,0.00,0.00,0.00,0.00,0.00,0.00,0.00,0.00,0.00,0.00,0.00,0.00,0.00,0.00,0.00,0.00,0.00,0.00,0.00,0.00,0.00,0.00,0.00,0.00,0.00,0.00,0.00,0.00,0.00,0.00,0.00,0.00,0.00,0.00,0.00,0.00,0.00,0.00,0.00,0.00,0.00,0.00,0.00,0.00,0.00,0.00,0.00,0.00,0.00,0.00,0.00,0.00,0.00,0.00,0.00,0.00,0.00,0.00,0.00,0.00,0.00,0.00
Close PE Ratio,0.0,12.7,12.4,8.5,9.3,12.8,14.4,13.6,12.5,13.2,9.3,13.0,11.9,11.0,13.6,15.5,17.3,15.1,10.3,12.9,8.5,7.4,5.2,5.3,4.8,4.8,6.1,9.1,8.2,8.0,6.3,8.5,9.1,9.2,6.5,5.8,6.0,7.9,8.0,9.6,11.0,7.8,8.1,9.2,8.1,9.5,7.8,7.4,6.6,5.0,6.1,8.1,9.5,0.0,0.0,0.0,0.0,0.0,0.0,0.0,0.0,0.0,0.0,0.0,0.0,327.7,14.4,91.8,64.7,104.7,39.3,32.3,35.3,7.2,7.4,6.9,8.0
Diluted EPS (Continuing),0.05,0.07,0.05,0.04,0.04,0.06,0.06,0.06,0.04,0.06,0.07,0.06,0.06,0.07,0.10,0.08,0.09,0.11,0.15,0.14,0.14,0.19,0.21,0.18,0.17,0.21,0.22,0.21,0.22,0.30,0.45,0.31,0.32,0.34,0.47,0.38,0.43,0.50,0.74,0.58,0.60,0.80,1.10,0.77,0.92,1.17,1.77,0.98,1.11,0.93,0.88,0.35,0.16,-2.62,-0.16,-0.41,-4.14,-1.26,-2.53,-0.20,-0.34,-0.45,-0.73,0.56,0.04,0.16,-0.01,-0.06,0.09,0.09,0.12,0.09,0.13,2.22,0.30,0.20,0.32
Diluted EPS (Cum. Effect of Acct. Change),0.00,0.00,0.00,0.00,0.00,0.00,0.00,0.00,0.00,0.00,0.00,0.00,0.00,0.00,0.00,0.00,0.00,0.00,0.00,0.00,0.00,0.00,0.00,0.00,0.00,0.00,0.00,0.01,0.00,0.00,0.00,0.00,0.00,0.00,0.00,0.00,0.00,0.00,0.00,0.00,0.00,0.00,0.00,0.00,0.00,0.00,0.00,0.00,0.00,0.00,0.00,0.00,0.00,0.00,0.00,0.00,0.00,0.00,0.00,0.00,0.00,0.00,0.00,0.00,0.00,0.00,0.00,0.00,0.00,0.00,0.00,0.00,0.00,0.00,0.00,0.00,0.00
Diluted EPS (Discontinued),0.00,0.00,0.00,0.00,0.00,0.00,0.00,0.00,0.00,0.00,0.00,0.00,0.00,0.00,0.00,0.00,0.00,0.00,0.00,0.00,0.00,0.00,0.00,0.00,0.00,0.00,0.00,0.00,0.00,0.00,0.00,0.00,0.00,0.00,0.00,0.00,0.00,0.00,0.00,0.00,0.00,0.00,0.00,0.00,0.00,0.00,0.00,0.00,0.00,0.00,0.00,0.00,0.00,0.00,0.00,0.00,0.00,0.00,0.00,0.00,0.00,0.00,0.00,0.00,0.00,0.00,0.00,0.00,0.00,0.00,0.00,0.00,0.00,0.00,0.00,0.00,0.00
Diluted EPS (Extraordinary),0.00,0.00,0.00,0.00,0.00,0.00,0.00,0.00,0.00,0.00,0.00,0.00,0.00,0.00,0.00,0.00,0.00,0.00,0.00,0.00,0.00,0.00,0.00,0.00,0.00,0.00,0.00,0.00,0.00,0.00,0.00,0.00,0.00,0.00,0.00,0.00,0.00,0.00,0.00,0.00,0.00,0.00,0.00,0.00,0.00,0.00,0.00,0.00,0.00,0.00,0.00,0.00,0.00,0.00,0.00,0.00,0.00,0.00,0.00,0.00,0.00,0.00,0.00,0.00,0.00,0.00,0.00,0.00,0.00,0.00,0.00,0.00,0.00,0.00,0.00,0.00,0.00
Diluted EPS (Other Gains/Losses),0.00,0.00,0.00,0.00,0.00,0.00,0.00,0.00,0.00,0.00,0.00,0.00,0.00,0.00,0.00,0.00,0.00,0.00,0.00,0.00,0.00,0.00,0.00,0.00,0.00,0.00,0.00,0.00,0.00,0.00,0.00,0.00,0.00,0.00,0.00,0.00,0.00,0.00,0.00,0.00,0.00,0.00,0.00,0.00,0.00,0.00,0.00,0.00,0.00,0.00,0.00,0.00,0.00,0.00,0.00,0.00,0.00,0.00,0.00,0.00,0.00,0.00,0.00,0.00,0.00,0.00,0.00,0.00,0.00,0.00,0.00,0.00,0.00,0.00,0.00,0.00,0.00
Diluted EPS (Tax Loss Carry Forward),0.00,0.00,0.00,0.00,0.00,0.00,0.00,0.00,0.00,0.00,0.00,0.00,0.00,0.00,0.00,0.00,0.00,0.00,0.00,0.00,0.00,0.00,0.00,0.00,0.00,0.00,0.00,0.00,0.00,0.00,0.00,0.00,0.00,0.00,0.00,0.00,0.00,0.00,0.00,0.00,0.00,0.00,0.00,0.00,0.00,0.00,0.00,0.00,0.00,0.00,0.00,0.00,0.00,0.00,0.00,0.00,0.00,0.00,0.00,0.00,0.00,0.00,0.00,0.00,0.00,0.00,0.00,0.00,0.00,0.00,0.00,0.00,0.00,0.00,0.00,0.00,0.00
Dividends Paid Per Share (YTD),0.00,0.00,0.00,0.00,0.00,0.00,0.00,0.00,0.00,0.00,0.00,0.00,0.01,0.01,0.01,0.01,0.01,0.02,0.02,0.01,0.01,0.02,0.03,0.01,0.02,0.03,0.05,0.01,0.03,0.05,0.06,0.02,0.04,0.07,0.10,0.03,0.07,0.10,0.14,0.05,0.07,0.13,0.22,0.06,0.13,0.22,0.31,0.09,0.19,0.29,0.44,0.15,0.30,0.45,0.60,0.15,0.30,0.38,0.45,0.04,0.08,0.11,0.15,0.04,0.08,0.11,0.15,0.04,0.08,0.11,0.15,0.04,0.08,0.11,0.15,0.19,0.19
EPS from Total Operations (YTD),0.10,0.16,0.17,0.04,0.08,0.13,0.19,0.06,0.10,0.16,0.29,0.06,0.11,0.18,0.32,0.08,0.16,0.28,0.43,0.14,0.29,0.48,0.69,0.18,0.36,0.57,0.84,0.21,0.43,0.73,1.10,0.31,0.63,0.97,1.44,0.38,0.81,1.31,2.05,0.58,1.19,1.98,3.08,0.77,1.68,2.85,4.62,0.98,2.09,3.02,3.90,0.35,0.51,-2.11,-2.27,-0.41,-4.55,-5.81,-8.34,-0.20,-0.54,-0.99,-1.72,0.56,0.61,0.78,0.77,-0.06,0.02,0.11,0.23,0.09,0.21,2.47,2.77,0.20,0.52
High PE Ratio,0.0,18.9,18.3,17.3,13.4,13.0,15.2,13.8,14.9,14.9,11.3,14.3,14.3,13.8,14.9,18.7,19.2,17.4,16.0,14.0,12.7,11.1,9.2,8.8,7.3,6.2,6.9,9.6,9.4,9.1,9.1,8.7,10.6,10.3,10.1,9.7,8.5,9.1,8.1,10.1,11.3,10.1,8.9,9.6,9.6,9.9,9.3,8.8,8.5,8.9,10.7,12.7,15.2,0.0,0.0,0.0,0.0,0.0,0.0,0.0,0.0,0.0,0.0,0.0,0.0,0.0,66.0,390.8,282.2,122.7,58.7,34.6,38.3,7.2,8.2,8.0,8.4
"Income, Restructuring and M&A;",0.0,0.0,0.0,0.0,0.0,0.0,0.0,0.0,0.0,0.0,0.0,0.0,0.0,0.0,0.0,0.0,0.0,0.0,0.0,0.0,0.0,0.0,0.0,0.0,0.0,0.0,0.0,0.0,0.0,0.0,0.0,0.0,0.0,0.0,0.0,0.0,0.0,0.0,0.0,0.0,0.0,0.0,0.0,0.0,0.0,0.0,0.0,0.0,0.0,0.0,0.0,0.0,0.0,0.0,0.0,0.0,0.0,0.0,0.0,0.0,0.0,0.0,0.0,0.0,0.0,0.0,0.0,0.0,0.0,0.0,0.0,0.0,0.0,0.0,0.0,0.0,0.0
LT-Debt as % of Invested Capital,0.0,0.0,0.0,0.0,0.0,0.0,0.0,0.0,0.0,50.4,48.9,52.4,57.3,59.0,57.5,58.9,64.8,64.7,60.9,58.2,59.4,59.7,59.9,59.7,62.1,60.5,58.1,59.3,61.2,61.0,60.1,0.0,58.7,58.0,55.9,56.1,55.6,52.1,49.4,46.0,48.1,47.8,46.9,48.4,49.3,47.5,47.8,47.7,48.2,50.0,43.1,41.6,41.3,39.0,41.7,40.1,0.0,0.0,0.0,0.0,52.0,57.3,59.2,53.0,50.4,47.4,45.4,44.2,43.5,42.0,39.4,39.5,39.4,37.5,41.0,41.8,46.7
LT-Debt as % of Total Debt,0.0,0.0,0.0,0.0,0.0,0.0,0.0,0.0,0.0,76.9,75.4,77.8,80.1,80.0,77.7,79.7,81.0,79.8,76.4,77.4,77.7,77.3,76.1,78.0,80.2,78.9,77.9,79.6,82.3,81.1,78.5,0.0,81.4,81.8,76.8,78.2,78.5,75.5,69.8,69.1,74.0,72.5,69.6,71.3,71.5,70.1,68.6,71.0,73.0,74.5,58.4,65.0,65.9,53.3,66.8,72.6,0.0,0.0,0.0,0.0,74.9,78.4,72.9,70.8,67.9,66.0,65.3,65.3,66.5,64.5,62.3,63.7,63.1,66.1,68.2,69.4,72.9
LT-Debt to Equity Ratio,0.00,0.00,0.00,0.00,0.00,0.00,0.00,0.00,0.00,1.02,0.96,1.10,1.34,1.44,1.35,1.44,1.84,1.83,1.56,1.39,1.46,1.48,1.49,1.48,1.64,1.53,1.39,1.46,1.58,1.56,1.51,0.00,1.42,1.38,1.27,1.28,1.25,1.09,0.98,0.85,0.93,0.92,0.88,0.94,0.97,0.91,0.92,0.91,0.93,1.00,0.76,0.71,0.70,0.64,0.71,0.67,0.00,0.00,0.00,0.00,1.08,1.34,1.45,1.13,1.02,0.90,0.83,0.79,0.77,0.73,0.65,0.65,0.65,0.60,0.69,0.72,0.87
Low PE Ratio,0.0,10.9,9.3,8.2,8.1,7.7,7.7,6.6,7.0,10.7,7.1,9.0,8.3,8.0,7.4,8.0,7.3,7.4,9.6,6.0,5.4,4.7,4.2,3.8,3.7,3.5,3.3,3.7,3.9,4.0,4.2,4.6,4.2,4.1,4.6,5.3,5.0,4.5,3.9,3.8,3.9,4.9,5.3,5.6,5.1,4.7,4.4,5.5,5.3,4.7,5.0,6.0,8.4,0.0,0.0,0.0,0.0,0.0,0.0,0.0,0.0,0.0,0.0,0.0,0.0,275.3,12.2,72.4,52.3,85.5,38.3,20.6,18.7,3.1,2.9,4.4,4.5
Net Income from Total Operations (YTD),7.3,12.0,17.7,3.8,7.8,13.9,20.5,5.4,10.5,18.0,27.4,6.8,13.5,23.3,36.2,10.8,22.6,60.9,93.4,32.7,66.1,110.4,159.8,42.5,82.0,130.0,191.7,47.7,99.3,168.1,254.9,73.4,162.4,268.3,404.7,111.8,239.7,395.2,626.0,185.6,374.2,625.5,975.1,241.0,535.0,906.7,"1,470.5",310.1,662.9,955.6,"1,233.3",109.7,161.4,-662.3,-712.5,-128.8,"-1,434.5","-1,833.8","-2,633.6",-62.6,0.0,-313.4,-545.3,0.0,203.4,253.9,245.1,-20.4,7.4,36.0,71.8,27.7,68.3,856.2,956.3,66.3,177.3
Normalized Close PE Ratio,0.0,12.7,12.4,8.5,9.3,12.8,14.4,13.6,12.5,13.2,9.3,13.0,11.9,11.0,13.6,15.5,17.3,12.5,9.2,11.5,7.7,7.4,5.2,5.3,4.8,4.8,6.1,9.1,8.2,8.0,6.3,8.5,9.1,9.2,6.5,5.8,6.0,7.9,8.0,9.6,11.0,7.8,8.1,9.2,8.1,9.5,7.8,7.4,6.6,5.0,6.1,8.1,9.5,117.2,0.0,0.0,0.0,0.0,0.0,0.0,0.0,0.0,0.0,0.0,0.0,0.0,14.6,108.5,68.5,115.2,39.3,31.5,35.3,7.2,7.4,6.9,8.0
Normalized High PE Ratio,0.0,18.9,18.3,17.3,13.4,13.0,15.2,13.8,14.9,14.9,11.3,14.3,14.3,13.8,14.9,18.7,19.2,14.4,14.3,12.5,11.5,11.1,9.2,8.8,7.3,6.2,6.9,9.6,9.4,9.1,9.1,8.7,10.6,10.3,10.1,9.7,8.5,9.1,8.1,10.1,11.3,10.1,8.9,9.6,9.6,9.9,9.3,8.8,8.5,8.9,10.7,12.7,15.2,183.1,0.0,0.0,0.0,0.0,0.0,0.0,0.0,0.0,0.0,0.0,0.0,0.0,66.8,461.8,298.8,135.0,58.7,33.8,38.3,7.2,8.2,8.0,8.4
Normalized Low PE Ratio,0.0,10.9,9.3,8.2,8.1,7.7,7.7,6.6,7.0,10.7,7.1,9.0,8.3,8.0,7.4,8.0,7.3,6.1,8.6,5.3,4.9,4.7,4.2,3.8,3.7,3.5,3.3,3.7,3.9,4.0,4.2,4.6,4.2,4.1,4.6,5.3,5.0,4.5,3.9,3.8,3.9,4.9,5.3,5.6,5.1,4.7,4.4,5.5,5.3,4.7,5.0,6.0,8.4,114.8,0.0,0.0,0.0,0.0,0.0,0.0,0.0,0.0,0.0,0.0,0.0,0.0,12.4,85.5,55.4,94.1,38.3,20.1,18.7,3.1,2.9,4.4,4.5
Normalized ROA,0.0,6.8,7.7,7.2,6.9,6.8,6.4,6.5,6.4,6.3,6.8,6.4,4.8,4.7,5.0,5.3,4.8,4.3,6.3,6.2,6.4,6.4,6.8,7.0,6.7,6.7,7.1,6.8,6.7,6.9,7.0,7.7,5.7,6.2,6.7,7.1,7.5,7.7,8.6,9.8,9.9,10.4,10.9,10.6,10.8,11.4,11.8,12.0,11.8,10.4,8.3,7.6,5.4,0.4,-2.0,-4.5,-20.3,-21.7,-33.1,-34.7,-18.3,-13.7,-8.3,-5.7,-5.7,-2.9,4.1,0.5,0.8,0.5,1.3,2.3,2.4,13.4,13.2,13.5,12.9
Normalized ROCI,0.0,20.2,20.9,20.2,19.5,19.7,19.3,19.8,14.5,7.3,7.9,7.4,5.5,5.4,5.9,6.0,5.6,5.1,7.5,7.3,7.4,7.5,8.0,8.2,7.7,7.8,8.3,7.9,7.6,7.9,8.1,21.2,6.4,7.0,7.9,8.2,8.7,9.0,10.4,11.8,11.6,12.3,13.1,12.7,12.9,13.7,14.3,14.4,13.9,12.2,10.9,9.2,6.6,0.6,-2.4,-5.1,-44.7,-50.1,-90.0,-90.2,-21.5,-15.8,-10.2,-7.0,-7.1,-3.7,5.0,0.6,1.0,0.6,1.7,2.8,3.0,16.0,15.7,16.0,15.2
Normalized ROE,0.0,20.2,20.9,20.2,19.5,19.7,19.3,19.8,14.5,14.6,15.4,15.5,12.8,13.1,13.8,14.7,15.8,14.3,19.2,17.5,18.3,18.6,20.0,20.4,20.4,19.8,19.8,19.3,19.5,20.2,20.4,21.2,15.6,16.6,17.8,18.7,19.5,18.8,20.7,21.8,22.4,23.6,24.6,24.6,25.4,26.1,27.4,27.4,26.9,24.5,19.1,15.8,11.2,0.9,0.0,0.0,0.0,0.0,0.0,0.0,0.0,0.0,0.0,0.0,0.0,0.0,9.2,1.1,1.8,1.0,2.7,4.6,4.9,25.6,26.6,27.6,28.5
Return on Assets (ROA),0.0,6.8,7.7,7.2,6.9,6.8,6.4,6.5,6.4,6.3,6.8,6.4,4.8,4.7,5.0,5.3,4.8,3.6,5.6,5.6,5.8,6.4,6.8,7.0,6.7,6.7,7.1,6.8,6.7,6.9,7.0,7.7,5.7,6.2,6.7,7.1,7.5,7.7,8.6,9.8,9.9,10.4,10.9,10.6,10.8,11.4,11.8,12.0,11.8,10.4,8.3,7.6,5.4,-3.1,-6.2,-9.1,-25.8,-22.3,-34.2,-35.8,-19.5,-14.8,-8.1,-5.6,-5.6,-2.7,4.1,0.6,0.9,0.5,1.3,2.2,2.4,13.4,13.2,13.5,12.9
Return on Capital Invested (ROCI),0.0,20.2,20.9,20.2,19.5,19.7,19.3,19.8,14.5,7.3,7.9,7.4,5.5,5.4,5.9,6.0,5.6,4.2,6.7,6.5,6.8,7.5,8.0,8.2,7.7,7.8,8.3,7.9,7.6,7.9,8.1,21.2,6.4,7.0,7.9,8.2,8.7,9.0,10.4,11.8,11.6,12.3,13.1,12.7,12.9,13.7,14.3,14.4,13.9,12.2,10.9,9.2,6.6,-4.1,-7.4,-10.5,-56.7,-51.5,-92.9,-92.9,-22.9,-17.2,-9.8,-6.8,-7.0,-3.4,5.1,0.7,1.1,0.6,1.7,2.7,3.0,16.0,15.7,16.0,15.2
Return on Stock Equity (ROE),0.0,20.2,20.9,20.2,19.5,19.7,19.3,19.8,14.5,14.6,15.4,15.5,12.8,13.1,13.8,14.7,15.8,11.9,17.0,15.6,16.7,18.6,20.0,20.4,20.4,19.8,19.8,19.3,19.5,20.2,20.4,21.2,15.6,16.6,17.8,18.7,19.5,18.8,20.7,21.8,22.4,23.6,24.6,24.6,25.4,26.1,27.4,27.4,26.9,24.5,19.1,15.8,11.2,0.0,0.0,0.0,0.0,0.0,0.0,0.0,0.0,0.0,0.0,0.0,0.0,0.0,9.4,1.3,1.9,1.1,2.7,4.5,4.9,25.6,26.6,27.6,28.5
Revenue (YTD),161.5,269.3,393.3,97.0,184.0,304.6,437.4,121.1,235.1,378.4,547.3,144.4,304.0,554.1,837.3,231.2,508.6,"1,490.1","2,176.9",660.6,"1,359.7","2,202.7","3,156.2",809.0,"1,607.8","2,567.0","3,653.7",887.7,"1,794.5","2,915.5","4,455.5","1,135.0","2,760.0","4,568.4","6,738.8","1,744.9","3,653.5","5,865.9","8,728.1","2,204.5","4,539.8","7,330.2","10,840.8","2,520.1","5,396.8","8,766.9","13,863.7","2,903.1","6,500.7","10,168.5","15,051.3","2,868.0","5,526.1","8,124.1","11,296.5","1,742.6","3,399.5","4,863.7","6,646.1",918.0,"1,696.0","2,628.8","3,657.6","1,132.2","2,045.6","3,451.7","4,400.2",788.2,"1,539.3","2,538.5","3,636.8",906.6,"1,867.8","3,017.8","4,354.0","1,275.1","2,706.5"
accounts payable,24.1,32.6,27.4,24.8,27.7,26.7,29.3,27.0,31.0,34.6,34.4,33.4,52.9,56.1,55.5,53.6,122.8,214.3,259.0,256.8,301.5,329.5,368.8,344.3,344.8,366.0,375.3,371.4,354.7,405.7,508.7,473.5,639.7,636.1,848.4,828.0,818.0,930.3,"1,149.1","1,077.2","1,057.6","1,190.1",470.7,419.3,731.6,739.4,844.7,785.8,839.9,981.8,"1,041.1",833.5,806.7,832.4,590.9,374.7,309.6,302.4,281.5,182.6,194.1,217.4,278.9,229.6,286.5,257.3,186.7,168.7,186.0,218.4,154.0,182.3,204.1,227.8,266.6,283.9,308.6
accounts receivable,0.0,0.0,0.0,0.0,0.0,0.0,0.0,0.0,0.0,0.0,0.0,0.0,0.0,0.0,0.0,0.0,0.0,0.0,0.0,0.0,0.0,0.0,0.0,0.0,0.0,0.0,0.0,0.0,0.0,0.0,0.0,0.0,0.0,0.0,0.0,0.0,0.0,0.0,0.0,0.0,0.0,0.0,0.0,0.0,0.0,0.0,0.0,0.0,0.0,0.0,0.0,0.0,0.0,0.0,0.0,0.0,0.0,0.0,0.0,0.0,54.5,124.9,293.1,0.0,29.4,32.6,16.0,14.3,14.0,14.0,12.4,12.4,12.9,12.9,14.4,0.0,0.0
accrued expenses,0.0,0.0,0.0,0.0,0.0,0.0,0.0,0.0,0.0,0.0,0.0,0.0,0.0,0.0,0.0,0.0,0.0,0.0,0.0,0.0,0.0,0.0,0.0,0.0,0.0,0.0,0.0,0.0,0.0,0.0,0.0,0.0,0.0,0.0,0.0,0.0,0.0,0.0,0.0,0.0,0.0,0.0,0.0,0.0,0.0,929.3,"1,196.9","1,123.9","1,025.4","1,004.2","1,143.0","1,051.0",960.5,982.0,933.3,849.9,793.7,803.7,814.9,738.8,0.0,0.0,0.0,0.0,0.0,0.0,0.0,0.0,0.0,0.0,0.0,0.0,0.0,0.0,0.0,0.0,0.0
accrued liabilities,0.0,0.0,0.0,0.0,0.0,0.0,0.0,0.0,0.0,0.0,0.0,0.0,0.0,0.0,0.0,0.0,0.0,0.0,0.0,0.0,0.0,0.0,0.0,0.0,0.0,0.0,0.0,0.0,0.0,0.0,0.0,0.0,0.0,0.0,0.0,0.0,0.0,0.0,0.0,0.0,0.0,0.0,888.2,917.5,775.2,0.0,0.0,0.0,0.0,0.0,0.0,0.0,0.0,0.0,0.0,0.0,0.0,0.0,0.0,0.0,709.5,685.9,932.0,957.1,949.4,950.1,957.2,916.7,796.0,109.9,111.1,102.4,114.0,117.6,139.0,856.6,150.2
accumulated depreciation,0.4,0.4,0.4,0.4,0.4,0.4,0.4,0.4,0.4,0.4,5.0,5.0,5.0,5.0,5.0,5.0,5.0,5.0,5.0,5.0,5.0,0.0,5.0,5.0,27.4,5.0,38.3,38.3,38.3,38.3,54.0,38.3,38.3,38.3,71.8,38.3,71.8,71.8,90.2,90.2,90.2,90.2,118.1,118.1,118.1,118.1,141.3,141.3,141.3,141.3,141.3,141.3,141.3,141.3,141.3,141.3,141.3,141.3,156.5,141.3,0.0,0.0,25.7,0.0,0.0,0.0,17.2,0.0,0.0,0.0,129.2,0.0,0.0,0.0,121.6,0.0,0.0
acquisitions,0.0,0.0,0.0,0.0,0.0,0.0,0.0,0.0,0.0,0.0,0.0,0.0,0.0,0.0,0.0,0.0,0.0,0.0,0.0,0.0,0.0,0.0,0.0,0.0,-4.8,-5.0,-11.6,-1.4,-1.3,-49.0,-61.9,0.0,-152.6,-152.7,-153.8,0.0,0.0,0.0,0.0,0.0,0.0,0.0,0.0,0.0,0.0,0.0,0.0,0.0,0.0,0.0,0.0,0.0,0.0,0.0,0.0,0.0,0.0,0.0,0.0,0.0,0.0,0.0,0.0,0.0,0.0,0.0,0.0,0.0,0.0,0.0,0.0,0.0,0.0,0.0,-96.5,-9.4,-9.4
additional paid-in capital,0.0,0.0,0.0,0.0,0.0,0.0,0.0,0.0,0.0,0.0,0.0,0.0,0.0,0.0,0.0,0.0,0.0,0.0,0.0,0.0,0.0,0.0,419.3,420.1,420.6,420.9,537.1,540.6,674.8,677.2,704.8,708.3,"1,346.2","1,349.1","1,349.6","1,350.3","1,353.5","1,576.7","1,581.6","1,586.0","1,594.1","1,595.8","1,599.9","1,607.1","1,613.1","1,620.3","1,624.8","1,632.2","1,641.7","1,650.3","1,658.4","1,667.6","1,677.7","1,686.7","1,693.3","1,696.6","1,708.2","1,716.2","1,716.3","1,719.4","1,724.2","1,728.7","1,734.4","1,880.0","1,884.4","1,888.1","1,894.8","1,902.9","1,906.9","1,911.6","1,917.0","1,929.9","1,951.8","1,964.7","1,979.8","1,992.2","2,011.9"
adjustments to revenue,0.0,0.0,0.0,0.0,0.0,0.0,0.0,0.0,0.0,0.0,0.0,0.0,0.0,0.0,0.0,0.0,0.0,0.0,0.0,0.0,0.0,0.0,0.0,0.0,0.0,0.0,0.0,0.0,0.0,0.0,0.0,0.0,0.0,0.0,0.0,0.0,0.0,0.0,0.0,0.0,0.0,0.0,0.0,0.0,0.0,0.0,0.0,0.0,0.0,0.0,0.0,0.0,0.0,0.0,0.0,0.0,0.0,0.0,0.0,0.0,0.0,0.0,0.0,0.0,0.0,0.0,0.0,0.0,0.0,0.0,0.0,0.0,0.0,0.0,0.0,0.0,0.0
advertising,0.0,0.0,0.0,0.0,0.0,0.0,0.0,0.0,0.0,0.0,0.0,0.0,0.0,0.0,0.0,0.0,0.0,0.0,0.0,0.0,0.0,0.0,0.0,0.0,0.0,0.0,0.0,0.0,0.0,0.0,0.0,0.0,0.0,0.0,0.0,0.0,0.0,0.0,0.0,0.0,0.0,0.0,0.0,0.0,0.0,0.0,0.0,0.0,0.0,0.0,0.0,0.0,0.0,0.0,0.0,0.0,0.0,0.0,0.0,0.0,0.0,0.0,0.0,0.0,0.0,0.0,0.0,0.0,0.0,0.0,0.0,0.0,0.0,0.0,0.0,0.0,0.0
amortization,0.0,0.0,0.0,0.0,0.0,0.0,0.0,0.0,0.0,0.0,0.0,0.0,0.0,0.0,0.0,0.0,0.0,0.0,0.0,0.0,0.0,0.0,0.0,0.0,0.0,0.0,0.0,0.0,1.2,2.6,4.9,0.0,4.5,6.0,7.8,1.7,3.6,5.8,4.1,0.3,4.1,5.0,5.9,1.0,2.1,3.1,4.3,1.1,2.3,3.6,5.2,1.6,3.4,4.9,6.6,1.6,3.5,5.3,7.2,0.0,3.6,5.0,6.4,6.9,14.1,22.2,30.8,9.0,18.1,27.6,37.2,9.8,19.7,29.9,40.4,10.4,19.9
amortization of intangibles,0.0,0.0,0.0,0.0,0.0,0.0,0.0,0.0,0.0,0.0,0.0,0.0,0.0,0.0,0.0,0.0,0.0,0.0,0.0,0.0,0.0,0.0,0.0,0.0,0.0,0.0,0.0,0.0,0.0,0.0,0.0,0.0,0.0,0.0,0.0,0.0,0.0,0.0,0.0,0.0,0.0,0.0,0.0,0.0,0.0,0.0,0.0,0.0,0.0,0.0,0.0,0.0,0.0,0.0,0.0,0.0,0.0,0.0,0.0,0.0,0.0,0.0,0.0,0.0,0.0,0.0,0.0,0.0,0.0,0.0,0.0,0.0,0.0,0.0,0.0,0.0,0.0
asset turnover,0.0,2.2,0.0,1.9,1.8,1.6,1.6,1.6,1.6,1.5,1.5,1.5,1.2,1.3,1.5,1.5,1.3,1.2,1.8,1.7,1.8,1.5,1.6,1.6,1.4,1.4,1.4,1.4,1.3,1.3,1.4,1.4,1.2,1.3,1.4,1.5,1.3,1.3,1.3,1.4,1.4,1.3,1.3,1.3,1.3,1.3,1.3,1.3,1.2,1.2,1.1,1.1,1.0,1.0,0.9,0.8,0.8,0.8,0.7,0.7,0.6,0.6,0.5,0.6,0.6,0.7,0.7,0.7,0.6,0.6,0.6,0.7,0.7,0.7,0.7,0.7,0.8
auditor name,None,None,None,None,None,None,None,None,None,None,None,None,None,None,None,None,None,None,None,None,None,None,None,None,None,None,None,None,None,None,None,None,None,None,None,None,None,None,None,None,None,None,None,None,None,None,None,None,None,None,None,None,None,None,None,None,None,None,None,None,None,None,None,None,None,None,None,None,None,None,None,None,None,None,None,None,None
auditor report,None,None,None,None,None,None,None,None,None,None,None,None,None,None,None,None,None,None,None,None,None,None,None,None,None,None,None,None,None,None,None,None,None,None,None,None,None,None,None,None,None,None,None,None,None,None,None,None,None,None,None,None,None,None,None,None,None,None,None,None,None,None,None,None,None,None,None,None,None,None,None,None,None,None,None,None,None
basic earnings indicator,N,N,N,N,N,N,N,N,N,N,N,N,N,N,N,N,Y,Y,Y,Y,Y,Y,Y,Y,Y,Y,Y,Y,Y,Y,Y,Y,Y,Y,Y,Y,Y,Y,Y,Y,Y,Y,Y,Y,Y,Y,Y,Y,Y,Y,Y,Y,Y,Y,Y,Y,Y,Y,Y,Y,Y,Y,Y,Y,Y,Y,Y,Y,Y,Y,Y,Y,Y,Y,Y,Y,Y
book value per share,1.07,1.06,0.85,0.89,0.93,0.92,0.99,1.21,1.37,1.33,1.51,1.57,1.77,1.85,1.94,2.02,2.10,2.55,2.71,2.87,3.13,3.30,3.50,3.68,3.84,4.05,4.16,4.52,4.73,5.02,5.42,5.72,6.97,7.30,7.75,8.10,8.40,9.02,9.79,10.35,10.79,11.66,12.73,13.44,14.32,15.42,17.13,17.98,19.02,19.86,20.60,20.80,20.82,18.05,17.74,17.19,12.89,11.56,8.95,8.72,8.35,7.88,7.12,8.12,8.12,8.25,8.20,8.11,8.17,8.20,8.29,8.36,8.48,10.93,11.19,11.24,11.61
building and improvements,0.0,0.0,0.0,0.0,0.0,0.0,0.0,0.0,0.0,0.0,0.0,0.0,0.0,0.0,0.0,0.0,0.0,0.0,0.0,0.0,0.0,0.0,0.0,0.0,0.0,0.0,0.0,0.0,0.0,0.0,0.0,0.0,0.0,0.0,0.0,0.0,0.0,0.0,0.0,0.0,0.0,0.0,0.0,0.0,0.0,0.0,0.0,0.0,0.0,0.0,0.0,0.0,0.0,0.0,0.0,0.0,0.0,0.0,0.0,0.0,0.0,0.0,0.0,0.0,0.0,0.0,0.0,0.0,0.0,0.0,0.0,0.0,0.0,0.0,0.0,0.0,0.0
capital lease obligations,0.0,0.0,0.0,0.0,0.0,0.0,0.0,0.0,0.0,0.0,0.0,0.0,0.0,0.0,0.0,0.0,0.0,0.0,0.0,0.0,0.0,0.0,0.0,0.0,0.0,0.0,0.0,0.0,0.0,0.0,0.0,0.0,0.0,0.0,0.0,0.0,0.0,0.0,0.0,0.0,0.0,0.0,0.0,0.0,0.0,0.0,0.0,0.0,0.0,0.0,0.0,0.0,0.0,0.0,0.0,0.0,0.0,0.0,0.0,0.0,0.0,0.0,0.0,0.0,0.0,0.0,0.0,0.0,0.0,0.0,0.0,0.0,0.0,0.0,0.0,0.0,0.0
cash as % of revenue,0.0,3.8,2.8,4.7,3.4,7.6,3.8,5.0,4.5,5.8,5.9,2.6,4.3,7.8,5.3,4.4,6.0,8.0,3.5,4.2,2.1,2.6,4.1,1.5,2.5,2.2,2.0,2.1,3.3,1.5,5.4,0.5,3.5,0.9,1.5,2.7,2.5,3.7,6.7,1.8,2.3,2.4,4.8,3.2,4.9,1.4,8.3,1.6,1.9,1.0,3.9,0.9,1.6,0.5,2.4,1.3,6.1,10.6,20.9,32.9,30.7,45.4,53.5,50.0,40.9,31.1,29.8,29.6,27.8,24.1,20.1,19.7,17.1,22.0,24.1,12.0,22.2
cash at beginning of period,19.9,19.9,19.9,11.2,11.2,11.2,11.2,16.7,16.7,16.7,16.7,32.5,32.5,32.5,32.5,44.0,44.0,78.2,78.2,76.8,76.8,76.8,76.8,128.6,128.6,128.6,128.6,72.5,72.5,72.5,72.5,239.3,239.3,239.3,239.3,104.3,104.3,104.3,104.3,582.9,582.9,582.9,582.9,518.0,518.0,518.0,518.0,"1,149.8","1,149.8","1,149.8","1,149.8",587.6,587.6,587.6,587.6,269.6,269.6,269.6,269.6,"1,387.3","1,387.3","1,387.3","1,387.3","1,957.3","1,957.3","1,957.3","1,957.3","1,309.3","1,309.3","1,309.3","1,309.3",732.6,732.6,732.6,732.6,"1,047.7","1,047.7"
cash end of period,0.0,0.0,0.0,0.0,0.0,0.0,0.0,0.0,0.0,0.0,0.0,0.0,0.0,0.0,0.0,0.0,0.0,0.0,0.0,0.0,0.0,0.0,128.6,49.3,85.4,79.1,72.5,79.1,126.1,81.4,239.3,32.0,189.7,55.9,104.3,194.7,187.5,296.2,582.9,164.2,218.7,240.1,518.0,357.0,572.8,171.8,"1,149.8",225.2,278.2,160.1,587.6,139.8,218.6,60.8,269.6,129.1,560.9,851.2,"1,387.3","1,913.1","1,515.2","2,002.3","1,957.3","1,936.2","1,639.6","1,392.5","1,309.3","1,221.1","1,081.1",841.0,732.6,738.1,679.8,904.9,"1,047.7",566.9,"1,150.5"
cash flow,0.0,0.0,18.9,19.3,19.7,21.4,22.5,24.3,25.8,27.3,30.0,31.2,33.1,35.9,40.6,45.5,51.1,67.1,103.2,112.0,137.3,160.3,180.6,191.8,198.0,203.4,216.2,222.9,236.2,257.7,290.9,317.6,356.4,394.6,445.3,486.9,529.5,583.5,671.8,746.6,809.9,905.5,"1,030.6","1,089.3","1,194.4","1,314.8","1,527.6","1,595.5","1,655.3","1,578.6","1,295.0","1,098.2",800.3,-314.1,-641.5,-880.9,"-2,240.2","-1,818.7","-2,573.2","-2,515.2","-1,215.6",-966.0,-513.2,-338.5,-326.2,-128.7,293.1,82.8,102.3,82.9,128.9,178.0,191.4,950.8,"1,015.5","1,054.4","1,124.9"
cash flow per share,0.00,0.00,0.19,0.19,0.20,0.20,0.21,0.26,0.22,0.22,0.26,0.27,0.25,0.27,0.30,0.34,0.38,0.35,0.51,0.50,0.59,0.69,0.79,0.85,0.88,0.91,0.93,0.99,1.04,1.13,1.26,1.37,1.22,1.35,1.52,1.66,1.80,1.86,2.17,2.41,2.58,2.91,3.31,3.50,3.83,4.20,4.88,5.11,5.30,5.04,4.13,3.50,2.55,-1.00,-2.04,-2.80,-7.09,-5.75,-8.13,-7.94,-3.84,-3.05,-1.62,-1.06,-1.03,-0.40,0.92,0.26,0.32,0.26,0.41,0.56,0.60,2.98,3.16,3.28,3.49
cash from discontinued financing activities,0.0,0.0,0.0,0.0,0.0,0.0,0.0,0.0,0.0,0.0,0.0,0.0,0.0,0.0,0.0,0.0,0.0,0.0,0.0,0.0,0.0,0.0,0.0,0.0,0.0,0.0,0.0,0.0,0.0,0.0,0.0,0.0,0.0,0.0,0.0,0.0,0.0,0.0,0.0,0.0,0.0,0.0,0.0,0.0,0.0,0.0,0.0,0.0,0.0,0.0,0.0,0.0,0.0,0.0,0.0,0.0,0.0,0.0,0.0,0.0,0.0,0.0,0.0,0.0,0.0,0.0,0.0,0.0,0.0,0.0,0.0,0.0,0.0,0.0,0.0,0.0,0.0
cash from discontinued investing activities,0.0,0.0,0.0,0.0,0.0,0.0,0.0,0.0,0.0,0.0,0.0,0.0,0.0,0.0,0.0,0.0,0.0,0.0,0.0,0.0,0.0,0.0,0.0,0.0,0.0,0.0,0.0,0.0,0.0,0.0,0.0,0.0,0.0,0.0,0.0,0.0,0.0,0.0,0.0,0.0,0.0,0.0,0.0,0.0,0.0,0.0,0.0,0.0,0.0,0.0,0.0,0.0,0.0,0.0,0.0,0.0,0.0,0.0,0.0,0.0,0.0,0.0,0.0,0.0,0.0,0.0,0.0,0.0,0.0,0.0,0.0,0.0,0.0,0.0,0.0,0.0,0.0
cash per share,0.28,0.18,0.11,0.19,0.14,0.30,0.16,0.25,0.19,0.23,0.28,0.13,0.20,0.42,0.33,0.30,0.46,0.58,0.38,0.42,0.24,0.32,0.56,0.22,0.38,0.35,0.31,0.35,0.56,0.27,1.04,0.10,0.65,0.19,0.36,0.66,0.64,0.94,1.88,0.53,0.70,0.77,1.66,1.15,1.84,0.55,3.67,0.72,0.89,0.51,1.88,0.45,0.70,0.19,0.86,0.41,1.78,2.69,4.38,6.04,4.78,6.32,6.17,6.09,5.15,4.38,4.11,3.76,3.39,2.66,2.32,2.33,2.14,2.84,3.26,1.76,3.57
common par,0.0,0.0,0.0,0.0,0.0,0.0,0.0,0.0,0.0,0.0,0.0,0.0,0.0,0.0,0.0,0.0,0.0,0.0,0.0,0.0,0.0,0.0,0.6,0.6,0.6,0.6,0.7,0.7,0.8,0.8,0.8,0.8,1.5,1.5,1.5,1.5,1.5,1.6,1.6,2.4,2.4,2.4,2.4,2.4,3.1,3.2,3.2,3.2,3.2,3.2,3.2,3.2,3.2,3.2,3.2,3.2,3.2,3.2,3.2,3.2,3.2,3.2,3.2,3.2,3.2,3.2,3.2,3.2,3.2,3.2,3.2,3.2,3.3,3.3,3.3,3.3,3.3
common stock equity,74.1,78.9,84.6,88.4,92.7,99.0,106.1,111.5,160.6,168.3,177.6,184.8,237.0,250.0,262.8,273.2,285.2,492.6,549.4,641.1,728.6,768.1,797.6,833.7,862.1,907.9,969.6,"1,020.2","1,072.2","1,139.7","1,250.2","1,323.3","2,038.7","2,139.3","2,269.9","2,374.1","2,466.0","2,835.3","3,031.3","3,211.7","3,390.2","3,625.0","3,960.7","4,190.1","4,469.4","4,820.3","5,360.4","5,612.9","5,944.0","6,214.1","6,452.9","6,524.8","6,539.5","5,677.7","5,586.9","5,414.1","4,072.8","3,657.8","2,834.3","2,762.9","2,647.3","2,497.7","2,259.6","2,580.8","2,584.5","2,627.0","2,613.2","2,588.6","2,608.4","2,591.5","2,620.6","2,649.4","2,700.0","3,488.7","3,592.1","3,610.4","3,741.0"
construction in progress,0.0,0.0,0.0,0.0,0.0,0.0,0.0,0.0,0.0,0.0,0.0,0.0,0.0,0.0,0.0,0.0,0.0,0.0,0.0,0.0,0.0,0.0,0.0,0.0,0.0,0.0,0.0,0.0,0.0,0.0,0.0,0.0,0.0,0.0,0.0,0.0,0.0,0.0,0.0,0.0,0.0,0.0,0.0,0.0,0.0,0.0,0.0,0.0,0.0,0.0,0.0,0.0,0.0,0.0,0.0,0.0,0.0,0.0,0.0,0.0,0.0,0.0,0.0,0.0,0.0,0.0,0.0,0.0,0.0,0.0,0.0,0.0,0.0,0.0,0.0,0.0,0.0
cost in excess,0.0,0.0,0.0,0.0,0.0,0.0,0.0,0.0,0.0,0.0,0.0,0.0,0.0,0.0,0.0,0.0,0.0,0.0,0.0,0.0,0.0,0.0,0.0,0.0,0.0,0.0,0.0,0.0,113.3,119.9,0.0,0.0,564.0,586.4,579.2,579.0,581.2,581.2,578.9,578.9,578.9,578.9,578.9,0.0,0.0,0.0,0.0,0.0,578.9,578.9,578.9,578.9,578.9,153.3,95.3,95.3,95.3,95.3,15.9,15.9,15.9,15.9,15.9,15.9,15.9,15.9,15.9,15.9,15.9,15.9,15.9,15.9,15.9,15.9,38.9,38.9,38.9
cost of sales,68.0,89.9,102.5,79.8,71.3,98.4,108.2,98.8,93.2,116.7,137.9,117.3,128.8,204.8,230.0,185.6,225.8,495.3,552.7,530.4,565.1,677.6,766.9,641.5,638.9,766.7,869.5,696.7,706.9,874.8,"1,212.6",899.2,"1,287.1","1,432.9","1,704.6","1,357.8","1,484.8","1,713.3","2,204.0","1,658.6","1,762.0","2,102.5","2,618.8","1,832.1","2,093.5","2,417.3","3,740.3","2,022.6","2,600.0","2,779.8","3,954.1","2,349.9","2,226.6","2,958.6","2,888.7","1,689.5","2,286.7","1,601.5","2,643.7",808.4,710.2,915.1,"1,073.0",908.8,726.6,"1,159.4",784.9,642.9,614.2,809.6,899.5,722.2,756.5,903.1,"1,051.5",987.1,"1,094.4"
cost of sales with depreciation,68.0,89.9,102.5,79.8,71.3,98.4,108.2,98.8,93.2,116.7,137.9,117.3,128.8,204.8,230.0,185.6,225.8,495.3,552.7,530.4,565.1,677.6,766.9,641.5,638.9,766.7,869.5,696.7,713.4,882.8,"1,227.6",906.8,"1,295.0","1,442.0","1,720.6","1,368.5","1,496.4","1,726.8","2,214.0","1,670.3","1,776.2","2,115.9","2,634.9","1,847.1","2,107.4","2,430.7","3,755.1","2,036.4","2,614.9","2,795.4","3,971.5","2,367.2","2,244.7","2,976.4","2,906.5","1,706.0","2,302.8","1,616.3","2,656.7",816.6,720.3,922.5,"1,079.4",920.6,737.6,"1,171.5",798.0,656.8,628.3,824.1,914.1,737.0,771.2,917.9,"1,066.4","1,002.3","1,109.2"
cumulative translation adjustments,0.0,0.0,0.0,0.0,0.0,0.0,0.0,0.0,0.0,0.0,0.0,0.0,0.0,0.0,0.0,0.0,0.0,0.0,0.0,0.0,0.0,0.0,0.0,0.0,0.0,0.0,0.0,0.0,0.0,0.0,0.0,0.0,0.0,0.0,0.0,0.0,0.0,0.0,0.0,0.0,0.0,0.0,0.0,0.0,0.0,0.0,0.0,0.0,0.0,0.0,0.0,0.0,0.0,0.0,0.0,0.0,0.0,0.0,0.0,0.0,0.0,0.0,0.0,0.0,0.0,0.0,0.0,0.0,0.0,0.0,0.0,0.0,0.0,0.0,0.0,0.0,0.0
current assets per share,2.73,2.95,2.17,2.36,2.48,2.54,2.78,3.44,2.91,2.91,3.22,3.53,4.25,4.70,4.79,5.12,6.17,7.26,7.08,7.00,7.57,8.11,8.76,9.00,9.97,10.08,9.70,10.95,11.74,12.23,13.19,12.98,15.00,15.15,15.18,16.29,16.76,16.84,18.30,18.55,19.27,21.31,22.77,25.19,27.23,28.13,30.79,32.99,35.61,38.88,38.88,36.61,38.19,33.84,30.53,27.67,24.15,22.91,19.17,20.02,18.10,19.65,18.80,17.54,17.86,17.79,16.08,15.56,15.36,14.89,14.37,14.44,14.82,19.31,19.58,19.97,22.37
current defered income taxes,0.0,0.0,0.0,0.0,0.0,0.0,0.0,0.0,0.0,0.0,0.0,0.0,0.0,0.0,0.0,0.0,0.0,0.0,0.0,0.0,0.0,0.0,0.0,0.0,0.0,0.0,0.0,0.0,0.0,0.0,0.0,0.0,0.0,0.0,0.0,0.0,0.0,0.0,0.0,0.0,0.0,0.0,0.0,0.0,0.0,0.0,0.0,0.0,0.0,0.0,0.0,0.0,0.0,0.0,0.0,0.0,0.0,0.0,0.0,0.0,0.0,165.4,0.0,0.0,0.0,0.0,0.0,0.0,0.0,0.0,0.0,0.0,0.0,716.7,709.5,683.5,680.0
current deferred income taxes,0.0,0.0,0.0,0.0,0.0,0.0,0.0,0.0,0.0,0.0,0.0,0.0,0.0,0.0,0.0,0.0,0.0,0.0,0.0,0.0,0.0,0.0,0.0,0.0,0.0,0.0,0.0,0.0,0.0,0.0,0.0,0.0,0.0,0.0,0.0,0.0,0.0,0.0,0.0,0.0,0.0,0.0,0.0,0.0,0.0,0.0,0.0,0.0,0.0,0.0,0.0,0.0,0.0,0.0,0.0,0.0,0.0,0.0,0.0,0.0,0.0,0.0,0.0,0.0,0.0,0.0,0.0,0.0,0.0,0.0,0.0,0.0,0.0,0.0,0.0,0.0,0.0
current liabilities per share,1.81,1.92,1.37,1.49,1.71,1.77,1.85,2.28,1.72,0.41,0.29,0.49,0.59,0.67,0.41,0.74,0.90,1.11,1.28,1.15,1.30,1.41,1.62,1.52,1.54,1.63,1.61,1.65,1.57,1.79,2.21,10.07,2.19,2.17,2.90,2.82,2.78,2.96,3.71,3.47,3.37,3.83,4.37,4.41,4.86,5.34,6.52,6.12,5.97,6.35,10.78,7.61,7.24,9.85,6.07,4.22,15.35,14.82,15.30,13.84,2.99,2.85,3.81,3.73,3.88,3.79,3.59,3.40,3.15,3.26,3.11,3.10,3.22,3.35,3.62,3.55,3.77
current ratio,1.5,1.5,1.6,1.6,1.5,1.4,1.5,1.5,1.7,7.2,11.0,7.2,7.2,7.1,11.7,7.0,6.8,6.6,5.5,6.1,5.8,5.7,5.4,5.9,6.5,6.2,6.0,6.7,7.5,6.8,6.0,1.3,6.9,7.0,5.2,5.8,6.0,5.7,4.9,5.3,5.7,5.6,5.2,5.7,5.6,5.3,4.7,5.4,6.0,6.1,3.6,4.8,5.3,3.4,5.0,6.6,1.6,1.5,1.3,1.4,6.1,6.9,4.9,4.7,4.6,4.7,4.5,4.6,4.9,4.6,4.6,4.7,4.6,5.8,5.4,5.6,5.9
decrease (increase) in other current liabilities,0.0,0.0,0.0,0.0,0.0,0.0,0.0,0.0,0.0,0.0,0.0,0.0,0.0,0.0,0.0,0.0,0.0,0.0,0.0,7.7,-6.6,0.0,0.0,0.0,22.4,0.0,0.0,0.0,-9.5,-50.6,0.0,0.0,20.5,-65.7,0.0,0.0,0.0,-61.4,0.0,0.0,0.0,0.0,0.0,0.0,0.0,0.0,0.0,0.0,0.0,0.0,0.0,0.0,0.0,0.0,0.0,0.0,0.0,0.0,0.0,0.0,0.0,129.4,131.3,0.0,0.0,0.0,0.0,65.3,0.0,0.0,0.0,18.2,0.0,0.0,0.0,37.4,0.0
decrease (increase) in other working capital,0.0,0.0,0.0,0.0,0.0,0.0,0.0,0.0,0.0,0.0,0.0,0.0,0.0,0.0,0.0,0.0,0.0,0.0,0.0,0.0,0.0,0.0,0.0,0.0,0.0,0.0,0.0,0.0,0.0,0.0,0.0,0.0,0.0,0.0,0.0,0.0,0.0,0.0,0.0,0.0,0.0,0.0,0.0,0.0,0.0,0.0,0.0,0.0,0.0,538.1,298.7,436.0,75.8,683.3,622.7,318.6,"1,438.2",335.7,-509.2,795.0,207.4,49.2,0.0,46.0,4.7,-79.1,0.0,0.0,94.3,6.9,-11.6,4.5,-4.9,-9.6,-93.3,22.8,-23.2
decrease (increase) in payables,3.1,5.5,-1.3,-0.7,0.1,2.7,2.2,0.1,0.9,8.4,12.6,-4.2,14.0,21.2,31.8,-2.0,17.6,48.0,87.6,-0.6,24.6,49.0,88.9,-24.3,-24.1,-2.6,3.1,-1.0,-17.6,26.6,102.6,-56.5,-97.6,-110.6,41.9,-22.7,-25.0,88.9,249.4,-41.0,-49.2,73.9,191.1,-23.2,96.3,292.6,589.2,-141.9,-190.2,-74.8,37.8,-286.7,-409.2,-433.8,-692.5,-296.3,-427.8,-423.5,-407.7,-152.5,-176.1,-164.7,-102.1,-16.1,35.6,7.0,-56.4,-54.4,-133.3,-102.3,-101.8,-44.4,-2.0,42.9,113.6,-12.8,62.5
deferred income taxes,0.0,0.0,0.0,0.0,0.0,0.0,0.0,0.0,0.0,0.0,0.0,0.0,0.0,0.0,0.0,0.0,0.0,0.0,0.0,0.0,0.0,0.0,0.0,0.0,0.0,0.0,0.0,0.0,0.0,0.0,0.0,0.0,0.0,0.0,0.0,0.0,0.0,0.0,0.0,0.0,0.0,0.0,0.0,0.0,0.0,0.0,0.0,0.0,0.0,0.0,0.0,0.0,0.0,-361.9,-489.0,-76.2,318.3,345.1,650.3,0.0,0.0,48.1,213.5,0.0,0.0,0.0,0.0,0.0,0.0,0.0,0.0,0.0,0.0,-716.7,-709.5,35.2,38.7
deferred revenues,0.0,0.0,0.0,0.0,0.0,0.0,0.0,0.0,0.0,0.0,0.0,0.0,0.0,0.0,0.0,0.0,0.0,0.0,0.0,0.0,0.0,0.0,0.0,0.0,0.0,0.0,0.0,0.0,0.0,0.0,0.0,0.0,0.0,0.0,0.0,0.0,0.0,0.0,0.0,0.0,0.0,0.0,0.0,0.0,0.0,0.0,0.0,0.0,0.0,0.0,0.0,0.0,0.0,0.0,0.0,0.0,0.0,0.0,0.0,0.0,0.0,0.0,0.0,0.0,0.0,0.0,0.0,0.0,0.0,0.0,0.0,0.0,0.0,0.0,0.0,0.0,0.0
depreciation,0.4,0.7,1.2,0.5,0.9,1.4,2.0,0.7,1.4,2.2,2.6,0.7,1.7,2.8,4.4,1.6,3.2,7.0,9.8,3.8,9.0,14.5,20.8,5.1,10.5,17.7,24.5,6.6,12.0,18.5,31.2,7.6,11.0,18.6,32.8,9.0,18.8,30.0,41.8,11.5,21.9,34.4,49.6,14.0,26.8,39.2,52.8,12.7,26.4,40.7,56.5,15.7,32.0,48.3,64.4,14.9,29.1,42.1,53.2,8.2,14.7,20.7,25.7,4.9,8.7,12.7,17.2,4.9,9.9,14.9,19.9,5.0,9.8,14.4,18.8,4.8,10.1
depreciation (unrecognized),0.2,0.2,0.5,0.5,0.4,0.5,0.6,0.7,0.7,0.7,0.4,0.7,1.0,1.1,1.6,1.6,1.6,3.8,2.8,3.8,5.2,5.5,6.3,5.1,5.4,7.2,6.8,6.6,0.0,0.0,0.0,0.0,0.0,0.0,0.0,0.0,0.0,0.0,0.0,0.0,0.0,0.0,0.0,0.0,0.0,0.0,0.0,0.0,0.0,0.0,0.0,0.0,0.0,0.0,0.0,0.0,0.0,0.0,0.0,0.0,0.0,0.0,0.0,0.0,0.0,0.0,0.0,0.0,0.0,0.0,0.0,0.0,0.0,0.0,0.0,0.0,0.0
domestic sales,0.0,0.0,0.0,0.0,0.0,0.0,0.0,0.0,0.0,0.0,0.0,0.0,0.0,0.0,0.0,0.0,0.0,0.0,0.0,0.0,0.0,0.0,0.0,0.0,0.0,0.0,0.0,0.0,0.0,0.0,0.0,0.0,0.0,0.0,0.0,0.0,0.0,0.0,0.0,0.0,0.0,0.0,0.0,0.0,0.0,0.0,0.0,0.0,0.0,0.0,0.0,0.0,0.0,0.0,0.0,0.0,0.0,0.0,0.0,0.0,0.0,0.0,0.0,0.0,0.0,0.0,0.0,0.0,0.0,0.0,0.0,0.0,0.0,0.0,0.0,0.0,0.0
earnings from equity interest,0.0,0.0,0.0,0.0,0.0,0.0,0.0,0.0,0.0,0.0,0.0,0.0,0.0,0.0,0.0,0.0,0.0,0.0,0.0,0.0,0.0,0.0,0.0,0.0,0.0,0.0,0.0,0.0,0.0,0.0,0.0,0.0,0.0,0.0,0.0,0.0,0.0,0.0,0.0,0.0,0.0,0.0,0.0,0.0,0.0,0.0,0.0,0.0,0.0,0.0,0.0,0.0,0.0,0.0,0.0,0.0,0.0,0.0,0.0,0.0,0.0,0.0,0.0,0.0,0.0,0.0,0.0,0.0,0.0,0.0,0.0,0.0,0.0,0.0,0.0,0.0,0.0
earnings period indicator,S,N,F,Q,S,N,F,Q,S,N,F,Q,S,N,F,Q,S,N,F,Q,S,N,F,Q,S,N,F,Q,S,N,F,Q,S,N,F,Q,S,N,F,Q,S,N,F,Q,S,N,F,Q,S,N,F,Q,S,N,F,Q,S,N,F,Q,S,N,F,Q,S,N,F,Q,S,N,F,Q,S,N,F,Q,S
effect exchange rate changes,0.0,0.0,0.0,0.0,0.0,0.0,0.0,0.0,0.0,0.0,0.0,0.0,0.0,0.0,0.0,0.0,0.0,0.0,0.0,0.0,0.0,0.0,0.0,0.0,0.0,0.0,0.0,0.0,0.0,0.0,0.0,0.0,0.0,0.0,0.0,0.0,0.0,0.0,0.0,0.0,0.0,0.0,0.0,0.0,0.0,0.0,0.0,0.0,0.0,0.0,0.0,0.0,0.0,0.0,0.0,0.0,0.0,0.0,0.0,0.0,0.0,0.0,0.0,0.0,0.0,0.0,0.0,0.0,0.0,0.0,0.0,0.0,0.0,0.0,0.0,0.0,0.0
effective tax rate,0.0,0.0,38.1,37.8,37.6,37.5,36.8,37.3,37.6,38.2,38.6,39.0,38.9,39.2,39.6,39.7,39.9,40.3,41.3,41.2,40.8,40.4,39.4,39.0,38.8,38.4,38.0,37.9,37.8,37.6,37.5,37.5,37.5,37.5,37.5,37.5,37.6,37.8,37.9,38.1,38.2,38.4,38.4,38.4,38.4,38.4,38.2,38.1,38.0,37.9,37.9,37.9,37.9,0.0,0.0,0.0,0.0,0.0,0.0,0.0,0.0,0.0,0.0,0.0,0.0,0.0,0.0,11.1,0.0,0.0,0.0,0.0,1.1,0.0,0.0,0.0,0.0
excise taxes,0.0,0.0,0.0,0.0,0.0,0.0,0.0,0.0,0.0,0.0,0.0,0.0,0.0,0.0,0.0,0.0,0.0,0.0,0.0,0.0,0.0,0.0,0.0,0.0,0.0,0.0,0.0,0.0,0.0,0.0,0.0,0.0,0.0,0.0,0.0,0.0,0.0,0.0,0.0,0.0,0.0,0.0,0.0,0.0,0.0,0.0,0.0,0.0,0.0,0.0,0.0,0.0,0.0,0.0,0.0,0.0,0.0,0.0,0.0,0.0,0.0,0.0,0.0,0.0,0.0,0.0,0.0,0.0,0.0,0.0,0.0,0.0,0.0,0.0,0.0,0.0,0.0
extraordinary gains,0.0,0.0,0.0,0.0,0.0,0.0,0.0,0.0,0.0,0.0,0.0,0.0,0.0,0.0,0.0,0.0,0.0,0.0,0.0,0.0,0.0,0.0,0.0,0.0,0.0,0.0,0.0,0.0,0.0,0.0,0.0,0.0,0.0,0.0,0.0,0.0,0.0,0.0,0.0,0.0,0.0,0.0,0.0,0.0,0.0,0.0,0.0,0.0,0.0,0.0,0.0,0.0,0.0,0.0,0.0,0.0,0.0,0.0,0.0,0.0,0.0,0.0,0.0,0.0,0.0,0.0,0.0,0.0,0.0,0.0,0.0,0.0,0.0,0.0,0.0,0.0,0.0
extraordinary income/losses,0.0,0.0,0.0,0.0,0.0,0.0,0.0,0.0,0.0,0.0,0.0,0.0,0.0,0.0,0.0,0.0,0.0,0.0,0.0,0.0,0.0,0.0,0.0,0.0,0.0,0.0,0.0,0.0,0.0,0.0,0.0,0.0,0.0,0.0,0.0,0.0,0.0,0.0,0.0,0.0,0.0,0.0,0.0,0.0,0.0,0.0,0.0,0.0,0.0,0.0,0.0,0.0,0.0,0.0,0.0,0.0,0.0,0.0,0.0,0.0,0.0,0.0,0.0,0.0,0.0,0.0,0.0,0.0,0.0,0.0,0.0,0.0,0.0,0.0,0.0,0.0,0.0
foreign sales,0.0,0.0,0.0,0.0,0.0,0.0,0.0,0.0,0.0,0.0,0.0,0.0,0.0,0.0,0.0,0.0,0.0,0.0,0.0,0.0,0.0,0.0,0.0,0.0,0.0,0.0,0.0,0.0,0.0,0.0,0.0,0.0,0.0,0.0,0.0,0.0,0.0,0.0,0.0,0.0,0.0,0.0,0.0,0.0,0.0,0.0,0.0,0.0,0.0,0.0,0.0,0.0,0.0,0.0,0.0,0.0,0.0,0.0,0.0,0.0,0.0,0.0,0.0,0.0,0.0,0.0,0.0,0.0,0.0,0.0,0.0,0.0,0.0,0.0,0.0,0.0,0.0
free cash flow,-31.0,-46.0,-46.6,-6.4,-21.0,-20.1,-34.7,-6.8,-25.4,-32.0,-26.6,-29.0,-92.8,-107.9,-90.5,-39.4,-103.7,-165.2,-141.6,-81.2,-191.8,-256.0,-195.3,-120.4,-233.1,-205.9,-144.2,-89.6,-244.3,-363.6,-164.3,-176.6,-237.6,-431.5,-310.3,-62.5,-61.0,-126.6,334.6,-174.2,-513.8,-650.5,-544.6,-591.9,-783.1,"-1,213.9",-785.4,"-1,059.2","-1,410.2","-2,220.9","-1,411.7",237.3,355.4,373.3,"1,127.3",506.3,908.7,"1,273.1","1,731.3",803.2,950.3,"1,060.2","1,087.5",205.6,396.3,535.7,642.5,33.8,-53.3,-124.0,-49.2,-17.6,-111.9,-236.8,-476.0,-740.1,-935.2
free cash flow per share,-0.45,-0.62,-0.47,-0.06,-0.21,-0.19,-0.32,-0.07,-0.22,-0.25,-0.23,-0.25,-0.69,-0.80,-0.67,-0.29,-0.76,-0.85,-0.70,-0.36,-0.82,-1.10,-0.86,-0.53,-1.04,-0.92,-0.62,-0.40,-1.08,-1.60,-0.71,-0.76,-0.81,-1.47,-1.06,-0.21,-0.21,-0.40,1.08,-0.56,-1.64,-2.09,-1.75,-1.90,-2.51,-3.88,-2.51,-3.39,-4.51,-7.10,-4.51,0.76,1.13,1.19,3.58,1.61,2.88,4.02,5.47,2.54,3.00,3.34,3.43,0.65,1.25,1.68,2.02,0.11,-0.17,-0.39,-0.16,-0.06,-0.35,-0.74,-1.48,-2.30,-2.90
gross fixed assets,4.2,4.6,4.9,5.0,5.3,5.4,5.8,6.2,6.3,6.1,10.6,10.8,16.9,17.8,18.1,17.9,25.6,29.3,30.5,34.8,40.8,37.2,42.0,43.3,67.8,47.0,77.2,76.4,79.1,87.4,107.1,93.4,106.8,111.6,143.7,115.3,148.8,147.5,171.9,173.1,176.6,179.1,210.0,210.3,212.1,215.9,248.5,254.2,256.5,272.0,272.7,268.7,266.4,259.2,251.5,241.2,230.2,220.2,222.4,212.0,66.6,62.5,83.5,55.7,57.1,61.3,77.7,60.0,59.2,58.9,186.8,55.0,53.4,66.7,194.2,81.9,87.1
gross margin,0.0,0.0,0.0,0.0,0.0,0.0,0.0,0.0,0.0,0.0,0.0,0.0,0.0,0.0,0.0,0.0,0.0,0.0,0.0,0.0,0.0,0.0,0.0,0.0,160.0,192.5,217.2,190.9,200.0,246.1,327.4,235.8,312.9,375.6,465.8,387.1,423.7,499.1,658.2,545.9,573.3,687.9,891.8,688.0,783.2,952.9,"1,356.5",880.5,997.6,888.0,928.7,518.1,431.5,-360.5,283.7,53.1,-629.8,-137.3,-861.3,109.6,67.8,17.8,-44.2,223.4,186.9,246.7,163.6,145.3,136.9,189.6,198.8,184.4,204.7,246.9,284.7,288.0,337.2
gross profit margin,0.0,0.0,17.4,17.3,17.4,17.9,18.2,18.4,18.4,18.4,18.4,18.5,18.7,18.6,18.7,18.9,18.8,19.1,19.3,19.4,19.4,19.5,19.5,19.8,20.0,20.1,20.2,20.4,20.8,21.3,21.6,21.5,20.8,20.6,21.0,21.0,21.6,22.1,22.5,23.2,23.7,24.2,24.9,25.5,26.1,27.0,27.3,27.9,28.0,27.0,24.5,22.2,19.7,11.7,7.8,4.0,-7.1,-5.4,-23.7,-26.1,-16.6,-15.1,4.1,6.8,9.6,13.7,18.6,18.3,17.8,18.2,18.4,18.9,19.6,20.3,21.1,21.7,22.3
income before income taxes,0.0,0.0,0.0,0.0,0.0,0.0,0.0,0.0,0.0,0.0,0.0,0.0,0.0,0.0,0.0,0.0,0.0,0.0,0.0,0.0,0.0,0.0,0.0,0.0,0.0,0.0,0.0,0.0,0.0,110.1,138.8,117.5,142.3,169.5,218.2,178.9,206.2,250.9,372.1,301.8,306.6,408.6,565.9,391.8,478.0,604.4,904.4,500.1,569.0,472.2,445.8,176.9,83.4,"-1,111.4",-100.2,-202.9,-884.6,-379.1,"-1,165.2",-61.3,-103.0,-161.9,-226.1,42.8,12.1,46.3,-1.7,-19.9,-30.8,28.9,33.9,29.2,42.3,72.2,99.2,107.9,142.1
income from cum. effect of acct. change,0.0,0.0,0.0,0.0,0.0,0.0,0.0,0.0,0.0,0.0,0.0,0.0,0.0,0.0,0.0,0.0,0.0,0.0,0.0,0.0,0.0,0.0,0.0,0.0,0.0,0.0,0.0,2.1,0.0,0.0,0.0,0.0,0.0,0.0,0.0,0.0,0.0,0.0,0.0,0.0,0.0,0.0,0.0,0.0,0.0,0.0,0.0,0.0,0.0,0.0,0.0,0.0,0.0,0.0,0.0,0.0,0.0,0.0,0.0,0.0,0.0,0.0,0.0,0.0,0.0,0.0,0.0,0.0,0.0,0.0,0.0,0.0,0.0,0.0,0.0,0.0,0.0
income from tax loss carryforward,0.0,0.0,0.0,0.0,0.0,0.0,0.0,0.0,0.0,0.0,0.0,0.0,0.0,0.0,0.0,0.0,0.0,0.0,0.0,0.0,0.0,0.0,0.0,0.0,0.0,0.0,0.0,0.0,0.0,0.0,0.0,0.0,0.0,0.0,0.0,0.0,0.0,0.0,0.0,0.0,0.0,0.0,0.0,0.0,0.0,0.0,0.0,0.0,0.0,0.0,0.0,0.0,0.0,0.0,0.0,0.0,0.0,0.0,0.0,0.0,0.0,0.0,0.0,0.0,0.0,0.0,0.0,0.0,0.0,0.0,0.0,0.0,0.0,0.0,0.0,0.0,0.0
income per employee,None,None,38395,None,None,None,38606,None,None,None,44771,None,None,None,31207,None,None,None,37890,None,None,None,47630,None,None,None,52801,None,None,None,58699,None,None,None,70986,None,None,None,98607,None,None,None,130605,None,None,None,165225,None,None,None,140595,None,None,None,-114348,None,None,None,-693053,None,None,None,-186364,None,None,None,76260,None,None,None,23854,None,None,None,275036,None,None
income taxes,2.1,2.6,4.0,2.2,2.1,3.3,4.4,3.3,2.9,4.6,6.3,4.4,3.9,6.4,9.1,7.0,7.5,15.8,25.1,21.6,21.2,28.9,32.3,26.1,24.2,29.5,37.8,28.6,30.9,41.3,52.1,44.1,53.4,63.6,81.8,67.1,78.4,95.3,141.4,116.2,118.0,157.3,216.2,150.8,184.0,232.7,340.6,190.0,216.2,179.4,168.1,67.2,31.7,-287.6,-50.0,-74.1,421.0,20.2,-365.4,1.3,5.6,-19.6,5.8,-149.2,0.7,-4.2,7.1,0.5,-58.6,0.2,-1.9,1.5,1.7,-715.6,-0.9,41.6,31.1
"income, acquired in process r&a;",0.0,0.0,0.0,0.0,0.0,0.0,0.0,0.0,0.0,0.0,0.0,0.0,0.0,0.0,0.0,0.0,0.0,0.0,0.0,0.0,0.0,0.0,0.0,0.0,0.0,0.0,0.0,0.0,0.0,0.0,0.0,0.0,0.0,0.0,0.0,0.0,0.0,0.0,0.0,0.0,0.0,0.0,0.0,0.0,0.0,0.0,0.0,0.0,0.0,0.0,0.0,0.0,0.0,0.0,0.0,0.0,0.0,0.0,0.0,0.0,0.0,0.0,0.0,0.0,0.0,0.0,0.0,0.0,0.0,0.0,0.0,0.0,0.0,0.0,0.0,0.0,0.0
intangibles,0.0,2.0,2.0,1.9,1.9,1.9,3.1,3.1,3.6,3.5,4.3,5.6,28.3,28.1,28.6,30.0,40.9,57.5,56.8,62.0,113.3,111.6,112.5,110.4,113.1,111.4,116.0,115.3,0.0,0.0,136.2,136.8,0.0,0.0,0.0,0.0,0.0,0.0,0.0,0.0,0.0,0.0,0.0,578.9,578.9,578.9,578.9,578.9,0.0,0.0,0.0,0.0,0.0,0.0,0.0,0.0,0.0,0.0,0.0,0.0,0.0,0.0,0.0,0.0,0.0,0.0,0.0,0.0,0.0,0.0,0.0,0.0,0.0,0.0,0.0,0.0,0.0
intangibles as % of book-value,0.0,2.5,2.4,2.1,2.0,1.9,2.9,2.8,2.2,2.1,2.4,3.0,11.9,11.2,10.9,11.0,14.3,11.7,10.3,9.7,15.6,14.5,14.1,13.2,13.1,12.3,12.0,11.3,10.6,10.5,10.9,10.3,27.7,27.4,25.5,24.4,23.6,20.5,19.1,18.0,17.1,16.0,14.6,13.8,13.0,12.0,10.8,10.3,9.7,9.3,9.0,8.9,8.9,2.7,1.7,1.8,2.3,2.6,0.6,0.6,0.6,0.6,0.7,0.6,0.6,0.6,0.6,0.6,0.6,0.6,0.6,0.6,0.6,0.5,1.1,1.1,1.0
interest as % of invested capital,0.0,0.0,0.0,0.0,0.0,0.6,1.1,1.7,1.4,0.5,0.4,0.4,0.4,0.6,0.8,0.8,0.8,0.7,1.2,1.0,1.0,0.9,0.8,0.9,0.7,0.7,0.7,0.6,0.5,0.5,0.4,1.0,0.3,0.2,0.2,0.2,0.2,0.2,0.2,0.2,0.2,0.2,0.1,0.1,0.1,0.1,0.2,0.3,0.4,0.4,0.5,0.4,0.3,0.3,0.2,0.2,0.5,0.8,1.5,2.5,1.4,1.5,1.8,1.8,1.9,2.0,1.8,1.7,1.5,1.3,1.2,1.0,0.8,0.6,0.4,0.4,0.3
interest coverage (cont. operations),0.0,0.0,0.0,0.0,0.0,52.8,28.1,19.5,17.9,23.1,30.7,30.3,24.6,15.9,12.5,12.9,12.9,11.4,10.8,12.0,12.5,14.9,17.0,16.6,18.2,18.9,20.5,22.1,23.7,26.1,29.9,36.7,38.2,46.0,57.2,63.2,83.9,85.2,81.1,97.8,86.4,111.3,171.2,165.2,216.1,185.4,113.2,79.9,55.5,48.1,37.1,40.2,39.3,0.0,0.0,0.0,0.0,0.0,0.0,0.0,0.0,0.0,0.0,0.0,0.0,0.0,2.1,1.5,0.9,0.6,1.2,2.4,4.9,6.7,10.0,14.9,22.3
interest expense,0.0,0.0,0.0,0.0,0.0,0.6,0.6,0.7,0.3,0.2,0.3,0.8,0.8,1.7,1.9,1.2,1.5,4.8,5.7,3.5,3.8,4.3,4.9,4.8,2.7,3.8,4.5,4.0,2.5,3.7,3.9,2.5,3.6,2.6,2.8,2.4,1.5,3.4,5.3,1.5,4.2,1.6,2.0,2.4,2.6,4.1,12.1,12.7,18.4,8.7,15.3,0.0,6.8,4.1,3.1,1.3,12.0,12.3,17.1,26.3,23.4,20.5,27.1,27.4,22.9,20.3,17.5,16.5,14.8,10.4,10.2,7.8,6.3,6.8,5.8,4.2,3.0
interest income,0.0,0.0,0.0,0.0,0.0,0.0,0.0,0.0,0.0,0.0,0.0,0.0,0.0,0.0,0.0,0.0,0.0,0.0,0.0,0.0,0.0,0.0,0.0,0.0,0.0,0.0,0.0,0.0,0.0,0.0,0.0,0.0,0.0,0.0,0.0,0.0,0.0,0.0,0.0,0.0,0.0,0.0,0.0,0.0,0.0,0.0,0.0,0.0,0.0,0.0,0.0,0.0,0.0,0.0,38.5,3.7,2.6,2.2,2.9,3.3,2.4,2.3,2.4,2.6,1.9,3.0,2.5,2.3,1.9,2.5,2.9,3.0,2.5,2.2,2.6,2.5,2.6
inventories,170.2,206.0,204.0,214.5,232.4,240.3,282.9,294.0,0.0,339.4,345.3,400.5,541.4,578.0,604.6,653.2,775.8,"1,291.3","1,358.0","1,467.3","1,706.5","1,812.9","1,866.1","1,990.1","2,151.7","2,182.5","2,191.0","2,391.4","2,533.0","2,715.7","2,804.4","2,980.1","4,201.1","4,381.7","4,343.1","4,580.5","4,736.2","4,997.3","5,082.3","5,589.6","5,835.6","6,383.2","6,567.4","7,493.3","7,926.7","8,622.4","8,486.8","10,074.1","10,852.4","12,005.4","11,343.1","11,342.6","11,209.2","10,587.3","9,343.5","8,586.3","7,065.4","6,396.7","4,683.2","4,426.1","4,168.0","3,873.3","3,663.0","3,584.8","3,763.5","3,565.0","3,449.0","3,411.9","3,474.0","3,500.8","3,449.7","3,478.9","3,636.7","3,861.6","4,165.2","5,015.1","5,324.1"
"inventories, finished goods",0.0,0.0,0.0,0.0,0.0,0.0,0.0,0.0,0.0,0.0,0.0,0.0,0.0,0.0,0.0,0.0,0.0,0.0,0.0,0.0,0.0,0.0,0.0,0.0,0.0,0.0,0.0,0.0,"1,321.2","1,472.2","1,424.1","1,488.9",0.0,"2,069.7","2,035.2","2,178.1","2,407.6",0.0,"2,464.6","2,557.3","2,770.4","3,135.6","2,878.5","3,142.1","4,121.2","3,945.3","3,105.9","3,564.8","4,422.0","6,462.1","6,737.0","6,878.4","6,725.3","5,869.5","5,334.7","4,673.5","4,049.8","3,505.3","2,409.6","2,273.9","2,066.9","1,875.9","1,641.3","1,621.9","1,554.8","1,572.9","1,406.1","1,441.1","1,383.7","1,336.3","1,370.7","1,412.5","1,495.1","1,600.0","1,838.4","2,475.7","2,605.7"
"inventories, other",0.0,0.0,0.0,0.0,0.0,0.0,0.0,0.0,0.0,0.0,0.0,0.0,0.0,0.0,0.0,0.0,0.0,0.0,0.0,0.0,0.0,0.0,0.0,0.0,0.0,0.0,0.0,0.0,"1,211.9","1,243.4",0.0,0.0,"4,201.1","2,311.9",0.0,10.7,6.8,"2,346.3",0.0,0.0,0.0,0.0,0.0,234.2,214.7,185.2,200.4,173.9,175.8,142.4,100.4,104.6,96.9,150.9,121.9,88.6,94.0,91.9,60.3,622.8,28.2,22.7,14.3,9.5,7.1,7.6,7.6,0.0,0.0,0.0,0.0,0.0,0.0,0.0,0.0,0.0,0.0
"inventories, purchased components",0.0,0.0,0.0,0.0,0.0,0.0,0.0,0.0,0.0,0.0,0.0,0.0,0.0,0.0,0.0,0.0,0.0,0.0,0.0,0.0,0.0,0.0,0.0,0.0,0.0,0.0,0.0,0.0,0.0,0.0,0.0,0.0,0.0,0.0,0.0,0.0,0.0,0.0,0.0,0.0,0.0,0.0,0.0,0.0,0.0,0.0,0.0,0.0,0.0,0.0,0.0,0.0,0.0,0.0,0.0,0.0,0.0,0.0,0.0,0.0,0.0,0.0,0.0,0.0,0.0,0.0,0.0,0.0,0.0,0.0,0.0,0.0,0.0,0.0,0.0,0.0,0.0
"inventories, raw materials",0.0,0.0,0.0,0.0,0.0,0.0,0.0,0.0,0.0,0.0,0.0,0.0,0.0,0.0,0.0,0.0,0.0,0.0,0.0,0.0,0.0,0.0,0.0,0.0,0.0,0.0,0.0,0.0,0.0,0.0,2.8,2.8,0.0,0.0,10.3,0.0,0.0,0.0,111.5,127.0,30.9,61.2,159.9,6.3,6.3,6.3,6.2,60.9,130.7,102.3,182.9,198.7,204.3,359.4,540.1,886.8,721.5,735.4,531.7,0.0,599.8,567.0,562.5,572.7,564.9,567.7,749.3,753.2,761.3,736.9,709.8,707.1,700.5,688.4,644.1,629.9,602.2
"inventories, work in progress",0.0,0.0,0.0,0.0,0.0,0.0,0.0,0.0,0.0,0.0,0.0,0.0,0.0,0.0,0.0,0.0,0.0,0.0,0.0,0.0,0.0,0.0,0.0,0.0,0.0,0.0,0.0,0.0,0.0,0.0,"1,377.5","1,488.3",0.0,0.0,"2,297.5","2,391.7","2,321.8","2,651.0","2,506.1","2,905.3","3,034.3","3,186.4","3,529.0","4,110.7","3,584.5","4,485.6","5,174.3","6,274.5","6,123.9","5,298.6","4,322.8","4,160.9","4,182.7","4,207.5","3,346.8","2,937.4","2,200.1","2,064.1","1,681.6","1,529.4","1,473.1","1,407.7","1,444.9","1,380.7","1,636.7","1,416.8","1,286.0","1,217.6","1,329.0","1,427.6","1,369.2","1,359.3","1,441.1","1,573.2","1,682.7","1,909.5","2,116.2"
inventory as % of revenue,0.0,58.9,51.9,52.1,55.9,56.1,64.7,63.7,0.0,66.4,63.1,70.2,87.9,79.9,72.2,70.7,74.5,91.9,62.4,65.5,64.1,62.7,59.1,60.2,63.2,62.0,60.0,64.1,66.0,67.9,62.9,63.4,77.9,72.0,64.4,62.5,62.1,62.2,58.2,60.8,60.7,62.6,60.6,67.2,67.8,70.2,61.2,70.7,72.5,78.6,75.4,75.5,79.6,81.4,82.7,84.4,77.0,79.6,70.5,76.0,84.3,87.8,100.1,92.6,93.9,79.6,78.4,84.1,89.2,100.4,94.9,92.6,91.7,93.8,95.7,106.2,102.5
inventory turnover,0.0,0.0,0.0,1.8,1.7,1.6,1.5,1.5,3.4,1.4,1.4,1.3,1.8,1.3,1.4,1.4,1.3,1.2,1.8,1.7,1.7,1.5,1.6,1.5,1.4,1.4,1.4,1.4,1.3,1.3,1.4,1.4,1.3,1.4,1.5,1.5,1.3,1.3,1.4,1.4,1.4,1.4,1.4,1.3,1.3,1.2,1.3,1.2,1.1,1.1,1.1,1.1,1.0,1.0,1.0,1.0,1.1,1.0,1.2,1.1,1.0,1.0,0.8,0.9,0.9,1.0,1.0,0.9,0.9,0.8,0.9,0.9,0.9,0.9,0.9,0.9,0.9
invested capital,74.1,78.9,84.6,88.4,92.7,99.0,106.1,111.5,160.6,339.3,347.5,388.0,555.6,610.2,618.1,665.3,809.8,"1,393.5","1,404.0","1,534.4","1,795.8","1,905.7","1,988.2","2,069.7","2,275.6","2,296.9","2,314.0","2,505.1","2,763.9","2,920.9","3,134.6","1,323.3","4,935.1","5,094.3","5,148.2","5,412.0","5,554.9","5,916.3","5,994.4","5,946.1","6,537.9","6,943.8","7,459.9","8,116.9","8,810.0","9,183.4","10,270.0","10,727.6","11,467.7","12,428.1","11,339.8","11,169.7","11,131.9","9,310.7","9,575.9","9,032.4","4,072.8","3,657.8","2,834.3","2,762.9","5,514.9","5,855.3","5,536.9","5,490.8","5,214.0","4,994.2","4,785.0","4,639.3","4,612.7","4,471.9","4,325.2","4,377.7","4,456.7","5,584.0","6,085.2","6,204.1","7,014.0"
issuance of capital stock,0.9,0.9,0.9,0.0,0.3,0.4,0.8,0.0,43.8,44.0,44.0,0.2,37.2,41.0,41.6,0.4,1.5,2.4,4.9,0.9,2.5,3.0,3.5,0.8,1.4,1.6,4.1,3.5,7.3,9.8,12.4,3.5,10.6,12.4,12.4,0.5,3.7,7.6,11.6,5.2,10.4,11.5,15.4,6.2,12.7,21.5,24.8,4.9,6.4,8.5,12.4,3.3,7.7,10.0,12.7,0.4,0.0,9.2,9.5,0.0,1.5,0.0,4.4,4.9,0.0,0.0,2.8,0.0,1.2,2.7,3.4,4.6,21.6,30.3,0.0,0.0,0.0
issuance of debt,69.5,103.1,133.3,33.5,62.3,192.8,233.0,24.6,51.1,225.1,239.0,46.4,160.2,354.6,347.6,54.0,152.0,356.9,416.1,97.3,167.9,255.2,893.0,115.0,503.5,767.9,"1,091.3",200.0,737.4,"1,285.3","1,850.8",450.0,"1,555.0","2,687.0","3,386.0",753.1,"1,280.4","2,020.0","2,458.0",305.3,"1,406.1","2,313.9","3,524.1",653.7,"1,452.7","2,344.0","4,060.2",958.9,"2,583.9","4,829.2","5,824.2",800.0,"1,660.0","2,560.0","2,980.0",110.0,282.0,204.4,321.5,0.0,0.0,487.5,487.5,0.0,8.9,83.8,17.8,0.0,0.0,29.8,30.0,29.5,47.3,377.6,765.9,100.0,918.0
land and improvements,0.0,0.0,0.0,0.0,0.0,0.0,0.0,0.0,0.0,0.0,0.0,0.0,0.0,0.0,0.0,0.0,0.0,0.0,0.0,0.0,0.0,0.0,0.0,0.0,0.0,0.0,0.0,0.0,0.0,0.0,0.0,0.0,0.0,0.0,0.0,0.0,0.0,0.0,0.0,0.0,0.0,0.0,0.0,0.0,0.0,0.0,0.0,0.0,0.0,0.0,0.0,0.0,0.0,0.0,0.0,0.0,0.0,0.0,0.0,0.0,0.0,0.0,0.0,0.0,0.0,0.0,0.0,0.0,0.0,0.0,0.0,0.0,0.0,0.0,0.0,0.0,0.0
leverage ratio,2.7,3.0,2.7,2.8,2.8,2.9,3.0,3.0,2.3,2.3,2.3,2.4,2.7,2.8,2.7,2.8,3.3,3.3,3.0,2.8,2.9,2.9,3.0,2.9,3.0,2.9,2.8,2.8,2.9,2.9,2.9,2.8,2.7,2.7,2.7,2.6,2.6,2.4,2.4,2.2,2.3,2.3,2.3,2.3,2.4,2.3,2.3,2.3,2.3,2.3,2.3,2.1,2.1,2.2,2.1,1.9,2.2,2.3,2.7,2.6,2.4,2.7,3.0,2.6,2.5,2.4,2.3,2.2,2.2,2.1,2.0,2.0,2.0,1.9,2.0,2.0,2.2
loans receivable,0.0,0.0,0.0,0.0,0.0,0.0,0.0,0.0,0.0,0.0,0.0,0.0,0.0,0.0,0.0,0.0,0.0,0.0,0.0,0.0,0.0,0.0,0.0,0.0,0.0,0.0,0.0,0.0,0.0,0.0,0.0,0.0,0.0,0.0,0.0,0.0,0.0,0.0,0.0,0.0,0.0,0.0,0.0,0.0,0.0,0.0,0.0,0.0,0.0,0.0,0.0,0.0,568.6,0.0,0.0,0.0,0.0,0.0,0.0,0.0,0.0,0.0,0.0,0.0,0.0,0.0,0.0,0.0,0.0,0.0,0.0,0.0,0.0,295.1,0.0,0.0,0.0
long-term debt,0.0,0.0,0.0,0.0,0.0,0.0,0.0,0.0,0.0,171.0,169.9,203.2,318.6,360.2,355.3,392.1,524.6,900.9,854.6,893.3,"1,067.2","1,137.6","1,190.6","1,236.0","1,413.5","1,389.0","1,344.4","1,485.0","1,691.7","1,781.2","1,884.3",0.0,"2,896.4","2,955.0","2,878.3","3,037.9","3,088.9","3,081.0","2,963.1","2,734.4","3,147.7","3,318.8","3,499.2","3,926.8","4,340.6","4,363.1","4,909.6","5,114.7","5,523.7","6,214.0","4,886.9","4,644.9","4,592.4","3,633.0","3,989.0","3,618.3",0.0,0.0,0.0,0.0,"2,867.6","3,357.6","3,277.3","2,910.0","2,629.5","2,367.2","2,171.8","2,050.7","2,004.3","1,880.4","1,704.6","1,728.3","1,756.7","2,095.3","2,493.1","2,593.7","3,273.0"
long-term debt per share,0.00,0.00,0.00,0.00,0.00,0.00,0.00,0.00,0.00,1.35,1.45,1.73,2.38,2.67,2.62,2.89,3.86,4.66,4.22,4.01,4.59,4.88,5.23,5.45,6.30,6.19,5.76,6.58,7.47,7.84,8.17,0.00,9.90,10.09,9.82,10.36,10.52,9.80,9.57,8.81,10.02,10.68,11.25,12.60,13.91,13.95,15.69,16.38,17.67,19.86,15.60,14.81,14.62,11.55,12.67,11.49,0.00,0.00,0.00,0.00,9.05,10.59,10.32,9.15,8.26,7.44,6.81,6.42,6.28,5.95,5.39,5.46,5.52,6.56,7.77,8.07,10.16
marketable securities,0.0,0.0,0.0,0.0,0.0,0.0,0.0,0.0,0.0,0.0,0.0,0.0,0.0,0.0,0.0,0.0,0.0,0.0,0.0,0.0,0.0,0.0,0.0,0.0,0.0,0.0,0.0,0.0,0.0,0.0,0.0,0.0,0.0,0.0,0.0,0.0,0.0,0.0,0.0,0.0,0.0,0.0,0.0,0.0,0.0,0.0,0.0,0.0,0.0,0.0,0.0,0.0,0.0,0.0,0.0,0.0,0.0,0.0,0.0,0.0,0.0,0.0,0.0,0.0,198.7,298.2,297.7,296.6,292.1,297.1,297.6,298.7,299.1,283.7,298.0,96.7,0.0
minority interest,0.0,0.0,0.0,0.0,0.0,0.0,0.0,0.0,0.0,0.0,0.0,0.0,0.0,0.0,0.0,0.0,0.0,0.0,0.0,0.0,0.0,0.0,0.0,0.0,0.0,0.0,0.0,0.0,0.0,0.0,0.0,0.0,0.0,0.0,0.0,0.0,0.0,0.0,0.0,0.0,0.0,0.0,0.0,0.0,0.0,0.0,0.0,0.0,0.0,0.0,0.0,0.0,0.0,0.0,0.0,0.0,0.0,0.0,0.0,0.0,0.0,0.0,0.0,0.0,0.0,0.0,0.0,0.0,0.0,0.0,0.0,0.0,0.0,0.0,0.0,0.0,0.0
minority interest liability,0.0,0.0,0.0,0.0,0.0,0.0,0.0,0.0,0.0,0.0,0.0,0.0,0.0,0.0,0.0,0.0,0.0,3.6,3.4,3.5,3.5,3.7,4.8,5.0,4.7,5.0,5.3,8.2,8.3,8.4,8.9,9.3,21.9,20.4,20.9,18.6,26.0,69.5,135.9,145.7,48.2,68.5,166.4,207.7,213.3,192.4,203.2,176.0,178.0,145.6,105.1,110.5,103.3,85.1,68.4,38.1,34.3,32.5,30.5,29.3,14.8,20.9,8.8,8.4,9.4,9.8,9.7,2.0,2.0,2.1,2.9,2.9,3.0,2.9,2.6,2.7,2.7
net cash from continuing operations,-29.5,-44.1,-44.0,-5.9,-19.7,-18.3,-32.3,-5.7,-23.6,-29.6,-23.9,-28.5,-88.4,-101.5,-83.1,-37.9,-69.2,-119.9,-125.3,-66.5,-174.0,-233.6,-170.9,-114.5,-215.1,-180.1,-107.5,-82.3,-226.5,-282.9,-55.3,-165.8,-60.9,-233.4,-90.6,-40.5,-19.7,-66.1,423.3,-152.2,-459.6,-563.0,-422.5,-559.1,-714.1,"-1,100.9",-620.7,"-1,012.6","-1,315.7","-2,064.1","-1,190.8",295.5,473.8,547.2,"1,355.5",557.7,"1,010.0","1,400.4","1,879.9",817.6,978.6,"1,102.0","1,141.2",220.0,427.8,587.1,709.4,49.5,-21.1,-75.3,14.9,-3.3,-82.6,-177.2,-298.1,-656.5,-840.3
net cash from discontinued operations,0.0,0.0,0.0,0.0,0.0,0.0,0.0,0.0,0.0,0.0,0.0,0.0,0.0,0.0,0.0,0.0,0.0,0.0,0.0,0.0,0.0,0.0,0.0,0.0,0.0,0.0,0.0,0.0,0.0,0.0,0.0,0.0,0.0,0.0,0.0,0.0,0.0,0.0,0.0,0.0,0.0,0.0,0.0,0.0,0.0,0.0,0.0,0.0,0.0,0.0,0.0,0.0,0.0,0.0,0.0,0.0,0.0,0.0,0.0,0.0,0.0,0.0,0.0,0.0,0.0,0.0,0.0,0.0,0.0,0.0,0.0,0.0,0.0,0.0,0.0,0.0,0.0
net fixed assets,3.8,4.2,4.5,4.6,4.9,5.0,5.4,5.8,5.9,5.7,5.6,5.8,11.9,12.8,13.1,12.9,20.6,24.3,25.5,29.8,35.8,37.2,37.0,38.3,40.3,42.0,39.0,38.1,40.8,49.1,53.1,55.1,68.5,73.3,71.9,77.1,77.0,75.7,81.7,82.9,86.4,88.9,91.9,92.2,94.0,97.8,107.2,112.9,115.2,130.7,131.4,127.4,125.1,117.9,110.2,99.9,88.9,78.9,65.9,70.7,66.6,62.5,57.8,55.7,57.1,61.3,60.5,60.0,59.2,58.9,57.6,55.0,53.4,66.7,72.6,81.9,87.1
net income (continuing operations),3.7,4.7,5.7,3.8,3.9,6.1,6.7,5.4,5.1,7.4,9.4,6.8,6.7,9.8,12.9,10.8,11.7,23.1,32.5,32.7,33.4,44.4,49.4,42.5,39.4,48.1,61.7,47.7,51.6,68.8,86.8,73.4,88.9,105.9,136.4,111.8,127.8,155.6,230.7,185.6,188.6,251.3,349.6,241.0,294.0,371.7,563.8,310.1,352.8,292.8,277.7,109.7,51.7,-823.8,-50.2,-128.8,"-1,305.6",-399.3,-799.8,-62.6,0.0,-142.3,-231.9,0.0,11.4,50.5,-8.8,-20.4,27.8,28.7,35.8,27.7,40.6,787.8,100.1,66.3,111.0
net income (discontinued operations),0.0,0.0,0.0,0.0,0.0,0.0,0.0,0.0,0.0,0.0,0.0,0.0,0.0,0.0,0.0,0.0,0.0,0.0,0.0,0.0,0.0,0.0,0.0,0.0,0.0,0.0,0.0,0.0,0.0,0.0,0.0,0.0,0.0,0.0,0.0,0.0,0.0,0.0,0.0,0.0,0.0,0.0,0.0,0.0,0.0,0.0,0.0,0.0,0.0,0.0,0.0,0.0,0.0,0.0,0.0,0.0,0.0,0.0,0.0,0.0,0.0,0.0,0.0,0.0,0.0,0.0,0.0,0.0,0.0,0.0,0.0,0.0,0.0,0.0,0.0,0.0,0.0
net income available for common,3.7,4.7,5.7,3.8,3.9,6.1,6.7,5.4,5.1,7.4,9.4,6.8,6.7,9.8,12.9,10.8,11.7,23.1,32.5,32.7,33.4,44.4,49.4,42.5,39.4,48.1,61.7,47.7,51.6,68.8,86.8,73.4,88.9,105.9,136.4,111.8,127.8,155.6,230.7,185.6,188.6,251.3,349.6,241.0,294.0,371.7,563.8,310.1,352.8,292.8,277.7,109.7,51.7,-823.8,-50.2,-128.8,"-1,305.6",-399.3,-799.8,-62.6,0.0,-142.3,-231.9,0.0,11.4,50.5,-8.8,-20.4,27.8,28.7,35.8,27.7,40.6,787.8,100.1,66.3,111.0
net income/loss,7.3,12.0,17.7,3.8,7.8,13.9,20.5,5.4,10.5,18.0,27.4,6.8,13.5,23.3,36.2,10.8,22.6,60.9,93.4,32.7,66.1,110.4,159.8,42.5,82.0,130.0,191.7,47.7,101.4,170.2,257.0,73.4,162.4,268.3,404.7,111.8,239.7,395.2,626.0,185.6,374.2,625.5,975.1,241.0,535.0,906.7,"1,470.5",310.1,662.9,955.6,"1,233.3",109.7,161.4,-662.3,-712.5,-128.8,"-1,434.5","-1,833.8","-2,633.6",-62.6,-171.1,-313.4,-545.3,192.0,203.4,253.9,245.1,-20.4,7.4,36.0,71.8,27.7,68.3,856.2,956.3,66.3,177.3
net profit margin,0.0,4.5,4.5,4.4,4.4,4.5,4.7,4.8,4.8,4.8,5.0,5.0,4.9,4.5,4.3,4.4,4.3,4.2,4.3,4.5,4.6,4.9,5.1,5.1,5.2,5.1,5.2,5.3,5.4,5.7,5.7,6.0,5.9,5.8,6.0,6.1,6.3,6.6,7.2,7.6,7.9,8.4,9.0,9.2,9.7,10.2,10.6,10.8,10.7,10.0,8.2,6.9,5.2,-3.0,-6.3,-9.4,-25.2,-23.4,-39.6,-44.1,-25.5,-22.8,-14.9,-9.7,-9.1,-3.8,5.6,0.8,1.3,0.8,2.0,3.2,3.3,21.7,22.0,21.1,20.5
non-current deferred income taxes,0.0,0.0,0.0,0.0,0.0,0.0,0.0,0.0,0.0,0.0,0.0,0.0,0.0,0.0,0.0,0.0,0.0,0.0,0.0,0.0,0.0,0.0,0.0,0.0,0.0,0.0,0.0,0.0,0.0,0.0,0.0,0.0,0.0,0.0,0.0,0.0,0.0,0.0,0.0,0.0,0.0,0.0,0.0,0.0,0.0,0.0,0.0,0.0,0.0,0.0,0.0,0.0,0.0,735.9,863.8,940.0,545.5,518.7,213.5,213.5,213.5,0.0,0.0,0.0,0.0,0.0,0.0,0.0,0.0,0.0,0.0,0.0,0.0,0.0,0.0,0.0,0.0
normalized income,3.7,4.7,5.7,3.8,3.9,6.1,6.7,5.4,5.1,7.4,9.4,6.8,6.7,9.8,12.9,10.8,11.7,35.0,32.5,32.7,33.4,44.4,49.4,42.5,39.4,48.1,61.7,47.7,51.6,68.8,86.8,73.4,88.9,105.9,136.4,111.8,127.8,155.6,230.7,185.6,188.6,251.3,349.6,241.0,294.0,371.7,563.8,310.1,352.8,292.8,277.7,109.7,51.7,-386.1,-1.7,-128.8,"-1,305.6",-396.7,-720.4,-68.8,0.0,-138.4,-244.2,0.0,11.4,50.5,-13.1,-21.2,30.5,28.7,35.8,27.7,40.6,787.8,100.2,66.3,111.0
normalized income per employee,None,None,38395,None,None,None,38606,None,None,None,44771,None,None,None,31207,None,None,None,42718,None,None,None,47630,None,None,None,52801,None,None,None,58699,None,None,None,70986,None,None,None,98607,None,None,None,130605,None,None,None,165225,None,None,None,140595,None,None,None,-36318,None,None,None,-671474,None,None,None,-192071,None,None,None,74922,None,None,None,23854,None,None,None,275036,None,None
normalized net profit margin,0.0,4.5,4.5,4.4,4.4,4.5,4.7,4.8,4.8,4.8,5.0,5.0,4.9,4.5,4.3,4.4,4.3,5.0,4.8,5.0,5.0,4.9,5.1,5.1,5.2,5.1,5.2,5.3,5.4,5.7,5.7,6.0,5.9,5.8,6.0,6.1,6.3,6.6,7.2,7.6,7.9,8.4,9.0,9.2,9.7,10.2,10.6,10.8,10.7,10.0,8.2,6.9,5.2,0.4,-2.0,-4.6,-19.9,-22.8,-38.4,-42.8,-24.0,-21.0,-15.4,-9.9,-9.3,-4.1,5.5,0.7,1.2,0.7,2.0,3.3,3.3,21.7,22.0,21.1,20.5
notes payable,0.0,0.0,0.0,0.0,0.0,0.0,0.0,0.0,0.0,0.0,0.0,0.0,0.0,0.0,0.0,0.0,0.0,0.0,0.0,0.0,0.0,0.0,0.0,0.0,0.0,0.0,0.0,0.0,0.0,0.0,0.0,"1,854.7",0.0,0.0,0.0,0.0,0.0,0.0,0.0,0.0,0.0,0.0,0.0,0.0,0.0,0.0,0.0,0.0,0.0,0.0,"1,191.7",504.0,508.1,"1,283.8",387.8,105.9,"3,744.8","3,581.6","3,748.4","3,405.4",0.0,0.0,0.0,0.0,0.0,0.0,0.0,0.0,0.0,0.0,0.0,0.0,0.0,0.0,0.0,0.0,0.0
number of days cost of goods in inventory,None,None,None,195,211,228,245,243,105,250,253,269,195,280,251,253,280,296,201,212,208,240,228,235,255,256,250,265,277,280,258,262,284,264,242,235,269,270,251,259,259,265,258,283,286,301,269,308,314,333,314,330,351,354,358,367,335,361,307,319,351,364,428,400,394,346,358,380,407,446,419,407,402,404,399,413,400
number of employees,None,None,None,None,None,None,None,None,None,None,None,None,None,None,None,None,None,None,None,None,None,None,None,None,None,None,None,None,None,None,None,None,None,None,None,None,None,None,None,None,None,None,None,None,None,None,None,None,None,None,None,None,None,None,None,None,None,None,None,None,None,None,None,None,None,None,None,None,None,None,None,None,None,None,None,None,None
number of months last report period,3,3,3,3,3,3,3,3,3,3,3,3,3,3,3,3,3,3,3,3,3,3,3,3,3,3,3,3,3,3,3,3,3,3,3,3,3,3,3,3,3,3,3,3,3,3,3,3,3,3,3,3,3,3,3,3,3,3,3,3,3,3,3,3,3,3,3,3,3,3,3,3,3,3,3,3,3
number of part-time employees,None,None,None,None,None,None,None,None,None,None,None,None,None,None,None,None,None,None,None,None,None,None,None,None,None,None,None,None,None,None,None,None,None,None,None,None,None,None,None,None,None,None,None,None,None,None,None,None,None,None,None,None,None,None,None,None,None,None,None,None,None,None,None,None,None,None,None,None,None,None,None,None,None,None,None,None,None
operating gains,0.0,0.0,0.0,0.0,0.1,0.2,0.2,0.0,0.1,0.2,0.2,0.1,0.1,0.2,0.3,0.1,0.3,0.3,1.0,0.0,0.0,0.0,0.0,0.0,0.0,0.0,0.0,2.1,0.0,0.0,0.0,0.0,0.0,0.0,0.0,0.0,0.0,0.0,0.0,0.0,0.0,0.0,0.0,0.0,0.0,0.0,0.0,-0.3,10.4,10.6,0.0,0.0,0.0,12.1,0.0,0.0,0.0,0.0,0.0,0.0,-8.4,-4.4,-3.9,0.0,-1.6,6.7,4.9,1.4,4.1,10.6,10.7,-0.1,-0.3,-0.3,-0.3,-0.2,-0.2
operating income,0.0,0.0,0.0,0.0,0.0,0.0,0.0,0.0,0.0,0.0,0.0,0.0,0.0,0.0,0.0,0.0,0.0,0.0,0.0,0.0,0.0,0.0,0.0,0.0,0.0,0.0,0.0,0.0,0.0,0.0,0.0,0.0,0.0,0.0,0.0,0.0,0.0,0.0,0.0,0.0,0.0,0.0,0.0,0.0,0.0,0.0,0.0,0.0,0.0,0.0,0.0,0.0,0.0,0.0,0.0,0.0,0.0,0.0,0.0,0.0,-105.1,-164.0,-228.2,64.5,29.8,70.2,-73.2,-21.9,-50.6,26.7,39.9,27.1,15.0,68.0,112.5,107.9,140.6
other current assets,0.0,0.0,0.0,0.0,0.0,0.0,0.0,0.0,319.4,0.0,0.0,0.0,0.0,0.0,0.0,0.0,0.0,0.0,0.0,0.0,0.0,0.0,0.0,0.0,0.0,0.0,0.0,0.0,0.0,0.0,0.0,0.0,0.0,0.0,0.0,0.0,0.0,0.0,0.0,0.0,0.0,0.0,0.0,0.0,0.0,0.0,0.0,0.0,0.0,0.0,0.0,0.0,0.0,0.0,0.0,0.0,0.0,0.0,0.0,0.0,0.0,0.0,0.0,0.0,0.0,316.1,0.0,0.0,0.0,0.0,0.0,0.0,48.7,45.9,0.0,0.0,0.0
other current liabilities,9.6,0.0,0.0,0.0,10.0,13.7,169.9,183.2,13.0,16.8,0.0,24.4,26.2,33.8,0.0,46.1,0.0,0.0,0.0,0.0,0.0,0.0,0.0,0.0,0.0,0.0,0.0,0.0,0.0,0.0,0.0,0.0,0.0,0.0,0.0,0.0,0.0,0.0,0.0,0.0,0.0,0.0,0.0,37.3,10.4,0.0,0.0,0.0,0.0,0.0,0.0,0.0,0.0,0.0,0.0,0.0,0.0,0.0,0.0,55.9,0.0,0.0,0.0,0.0,0.0,0.0,0.0,0.0,24.6,702.5,718.7,698.1,707.1,724.7,754.8,0.0,757.0
other equity adjustments,0.0,0.0,0.0,0.0,0.0,0.0,0.0,0.0,0.0,0.0,0.0,0.0,0.0,0.0,0.0,0.0,0.0,0.0,0.0,0.0,0.0,0.0,0.0,0.0,0.0,0.0,0.0,0.0,0.0,0.0,0.0,0.0,-7.5,-7.0,-4.5,-3.8,-3.3,-2.7,-2.2,-1.6,-1.1,-0.5,0.0,0.0,0.0,0.0,0.0,0.0,0.0,0.0,0.0,0.0,0.0,0.0,0.0,0.0,0.0,0.0,0.0,0.0,0.0,0.0,0.0,0.0,-0.2,0.1,0.3,0.0,0.0,0.3,0.1,0.2,0.1,0.0,0.2,0.0,0.0
"other financing charges, net",0.0,0.0,0.0,0.0,0.0,0.0,0.0,0.0,0.0,0.0,0.0,0.0,0.0,0.0,0.0,0.0,0.0,0.0,0.0,0.0,0.0,0.0,0.0,0.0,0.0,0.0,0.0,0.0,0.0,0.0,0.0,0.0,0.0,0.0,0.0,0.0,0.0,0.0,0.0,0.0,0.0,0.0,0.0,0.0,0.0,0.0,0.0,2.8,5.1,8.2,-238.9,250.7,252.9,275.2,258.2,0.2,2.0,2.7,0.0,0.1,0.0,2.3,0.0,0.0,6.9,7.5,7.6,0.5,0.0,0.0,0.0,0.0,0.0,0.0,50.9,2.1,17.7
other fixed assets,0.0,0.0,0.0,0.0,0.0,0.0,0.0,0.0,0.0,0.0,0.0,0.0,0.0,0.0,0.0,0.0,0.0,0.0,0.0,0.0,0.0,0.0,0.0,0.0,0.0,0.0,0.0,0.0,0.0,87.4,107.1,0.0,106.8,111.6,143.7,115.3,148.8,0.0,171.9,173.1,176.6,179.1,210.0,210.3,212.1,215.9,248.5,254.2,256.5,272.0,272.7,268.7,266.4,259.2,251.5,241.2,230.2,220.2,222.4,212.0,66.6,62.5,83.5,55.7,57.1,61.3,77.7,60.0,59.2,58.9,186.8,55.0,53.4,66.7,194.2,81.9,87.1
other gains/losses,0.0,0.0,0.0,0.0,0.0,0.0,0.0,0.0,0.0,0.0,0.0,0.0,0.0,0.0,0.0,0.0,0.0,0.0,0.0,0.0,0.0,0.0,0.0,0.0,0.0,0.0,0.0,0.0,0.0,0.0,0.0,0.0,0.0,0.0,0.0,0.0,0.0,0.0,0.0,0.0,0.0,0.0,0.0,0.0,0.0,0.0,0.0,0.0,0.0,0.0,0.0,0.0,0.0,0.0,0.0,0.0,0.0,0.0,0.0,0.0,0.0,0.0,0.0,0.0,0.0,0.0,0.0,0.0,0.0,0.0,0.0,0.0,0.0,0.0,0.0,0.0,0.0
other income net,0.1,0.2,0.1,0.0,0.0,0.2,0.3,0.4,0.2,0.4,0.5,0.7,0.4,0.8,0.7,0.7,0.7,3.1,1.3,1.9,1.5,1.6,2.0,1.8,1.9,2.4,2.2,-1.9,-4.5,-2.8,-17.9,25.4,5.2,0.9,-7.4,6.1,5.1,2.1,0.5,7.1,0.6,12.1,8.8,11.6,12.2,9.5,17.2,19.1,19.0,15.7,14.1,16.4,11.2,12.2,-35.9,1.7,1.8,3.5,2.1,4.3,4.4,2.2,-8.7,3.1,3.3,-6.6,0.2,0.0,21.4,-5.3,1.1,2.2,28.8,2.6,4.0,3.3,3.2
"other investing changes, net",0.0,-3.6,-3.6,0.0,0.0,0.0,-4.6,0.0,-0.6,-0.6,-1.4,-17.7,-44.6,-45.2,-55.7,-1.9,0.0,0.0,-34.0,0.0,0.0,0.0,-5.6,0.0,-15.1,-18.3,-29.0,-2.0,-2.0,0.0,-2.0,0.0,0.5,0.3,0.5,0.0,0.0,0.0,0.0,0.0,0.0,0.0,0.0,0.0,0.0,0.0,0.0,0.0,0.0,0.0,0.0,0.0,0.0,0.0,0.0,0.0,0.0,0.0,0.0,0.0,0.0,-60.0,-53.2,2.1,4.9,-3.6,1.5,7.5,8.7,3.3,4.6,4.5,8.4,7.6,-0.2,-24.3,-23.8
other non-cash items,0.0,0.0,0.0,0.0,0.0,0.0,0.0,0.0,0.0,0.0,0.0,0.0,0.0,0.0,0.0,0.0,0.0,0.0,0.0,0.0,0.0,0.0,0.0,0.0,0.0,0.0,0.0,0.0,0.0,0.0,0.0,0.0,0.0,0.0,0.0,0.0,0.0,0.0,0.0,0.0,0.0,0.0,0.0,0.0,0.0,0.0,0.0,0.0,0.0,-0.1,286.7,78.3,160.3,"1,437.5","1,818.2",248.0,3.7,"1,419.5","2,580.0",55.0,110.6,224.9,421.4,-0.1,7.2,40.7,75.2,11.8,29.3,42.5,59.6,6.4,12.3,19.0,24.3,4.8,10.8
other non-current assets,6.2,7.9,9.1,8.0,9.0,8.9,10.7,11.5,11.4,12.4,15.2,18.9,26.2,24.9,29.5,28.6,33.3,136.1,150.8,142.8,192.5,202.2,217.7,231.0,234.6,252.9,276.1,260.8,313.7,389.9,419.2,466.8,573.3,653.4,919.0,827.3,817.0,965.6,953.6,753.4,924.1,911.3,"1,229.0","1,177.3","1,368.1","1,573.6","2,192.1","1,822.2","1,686.3","1,684.6","1,931.4","1,480.0",810.1,838.8,873.9,550.4,599.2,523.7,"1,343.8",535.6,444.0,473.2,714.3,"1,046.4",704.8,471.0,736.5,681.7,640.0,726.7,743.5,719.8,697.7,412.1,852.6,809.5,897.4
other non-current liabilities,0.0,12.0,10.3,12.2,0.0,0.0,13.5,16.0,0.0,0.0,21.0,0.0,0.0,0.0,46.2,0.0,0.0,10.5,1.4,1.0,1.9,0.0,0.0,0.0,0.0,0.0,0.0,0.0,0.0,0.0,0.0,0.0,0.0,0.0,0.0,0.0,0.0,0.0,0.0,0.0,0.0,0.0,0.0,0.0,0.0,0.0,0.0,0.0,0.0,0.0,0.0,0.0,0.0,0.0,0.0,0.0,0.0,86.5,0.0,0.0,0.0,0.0,0.0,6.2,0.0,0.0,0.0,0.0,0.0,0.0,46.5,0.0,0.0,0.0,0.0,0.0,0.0
other receivable,0.0,0.0,0.0,0.0,0.0,0.0,0.0,0.0,0.0,0.0,0.0,0.0,0.0,0.0,0.0,0.0,0.0,0.0,0.0,0.0,0.0,0.0,0.0,0.0,0.0,0.0,0.0,0.0,0.0,0.0,0.0,0.0,0.0,0.0,0.0,0.0,0.0,0.0,0.0,0.0,0.0,0.0,0.0,0.0,0.0,0.0,0.0,0.0,0.0,0.0,0.0,0.0,0.0,0.0,0.0,0.0,0.0,0.0,0.0,0.0,0.0,0.0,0.0,0.0,0.0,0.0,0.0,0.0,0.0,0.0,0.0,0.0,0.0,0.0,0.0,0.0,0.0
other special charges,0.0,0.0,0.0,0.0,0.0,0.0,0.0,0.0,0.0,0.0,0.0,0.0,0.0,0.0,0.0,0.0,0.0,-11.9,0.0,0.0,0.0,0.0,0.0,0.0,0.0,0.0,0.0,0.0,0.0,0.0,0.0,0.0,0.0,0.0,0.0,0.0,0.0,0.0,0.0,0.0,0.0,0.0,0.0,0.0,0.0,0.0,0.0,0.0,0.0,0.0,0.0,0.0,0.0,-437.7,-48.5,0.0,0.0,-2.6,-79.4,6.2,0.0,-3.9,12.3,0.0,0.0,0.0,4.3,0.8,-2.7,0.0,0.0,0.0,0.0,0.0,-0.1,0.0,0.0
payment of cash dividends,0.0,0.0,0.0,0.0,0.0,0.0,0.0,0.0,0.0,0.0,0.0,0.0,-0.6,-1.4,-2.1,-0.7,-1.6,-3.5,-4.7,-1.3,-3.2,-5.2,-7.1,-1.9,-4.3,-6.8,-9.3,-2.7,-6.1,-9.9,-13.7,-3.8,-8.5,-17.3,-26.1,-8.8,-19.1,-29.2,-40.1,-10.8,-29.6,-48.2,-66.9,-18.7,-40.2,-68.3,-96.5,-28.2,-59.4,-90.6,-137.6,-47.0,-94.1,-141.2,-188.4,-47.3,-94.5,-118.2,-142.0,-11.9,-23.8,-35.6,-47.5,-11.9,-23.8,-35.8,-47.7,-12.0,-24.0,-35.9,-47.8,-11.9,-23.8,-35.8,-47.8,-60.2,-60.2
payout ratio,None,None,None,None,None,None,None,None,None,None,None,None,4,4,3,10,9,11,5,8,5,4,4,5,5,5,5,6,6,6,5,5,5,6,7,7,8,7,7,7,7,7,7,7,7,7,7,7,7,8,11,15,24,None,None,None,None,None,None,None,None,None,None,None,None,500,19,115,83,136,65,38,35,6,5,11,9
post-tax profit margin,0.0,4.5,4.5,4.4,4.4,4.5,4.7,4.8,4.8,4.8,5.0,5.0,4.9,4.5,4.3,4.4,4.3,4.2,4.3,4.5,4.6,4.9,5.1,5.1,5.2,5.1,5.2,5.3,5.4,5.7,5.7,6.0,5.9,5.8,6.0,6.1,6.3,6.6,7.2,7.6,7.9,8.4,9.0,9.2,9.7,10.2,10.6,10.8,10.7,10.0,8.2,6.9,5.2,-3.0,-6.3,-9.4,-25.2,-23.4,-39.6,-44.1,-25.5,-22.8,-14.9,-9.7,-9.1,-3.8,5.6,0.8,1.3,0.8,2.0,3.2,3.3,21.7,22.0,21.1,20.5
pre-tax profit margin,0.0,0.0,7.3,7.0,7.0,7.2,7.5,7.6,7.6,7.8,8.1,8.2,8.0,7.4,7.2,7.2,7.2,7.0,7.3,7.6,7.7,8.3,8.4,8.4,8.4,8.3,8.5,8.5,8.7,9.2,9.2,9.5,9.4,9.3,9.6,9.7,10.1,10.6,11.6,12.3,12.8,13.6,14.6,15.0,15.8,16.6,17.2,17.5,17.2,16.0,13.2,11.1,8.4,-3.1,-8.4,-13.1,-25.1,-19.5,-39.6,-42.8,-34.6,-33.8,-15.1,-11.6,-8.3,-2.8,2.3,0.9,-0.2,-0.7,0.3,1.6,3.4,4.3,5.6,6.8,8.1
pref. securities of subsid. trust,0.0,0.0,0.0,0.0,0.0,0.0,0.0,0.0,0.0,0.0,0.0,0.0,0.0,0.0,0.0,0.0,0.0,0.0,0.0,0.0,0.0,0.0,0.0,0.0,0.0,0.0,0.0,0.0,0.0,0.0,0.0,0.0,0.0,0.0,0.0,0.0,0.0,0.0,0.0,0.0,0.0,0.0,0.0,0.0,0.0,0.0,0.0,0.0,0.0,0.0,0.0,0.0,0.0,0.0,0.0,0.0,0.0,0.0,0.0,0.0,0.0,0.0,0.0,0.0,0.0,0.0,0.0,0.0,0.0,0.0,0.0,0.0,0.0,0.0,0.0,0.0,0.0
preferred dividends,0.0,0.0,0.0,0.0,0.0,0.0,0.0,0.0,0.0,0.0,0.0,0.0,0.0,0.0,0.0,0.0,0.0,0.0,0.0,0.0,0.0,0.0,0.0,0.0,0.0,0.0,0.0,0.0,0.0,0.0,0.0,0.0,0.0,0.0,0.0,0.0,0.0,0.0,0.0,0.0,0.0,0.0,0.0,0.0,0.0,0.0,0.0,0.0,0.0,0.0,0.0,0.0,0.0,0.0,0.0,0.0,0.0,0.0,0.0,0.0,0.0,0.0,0.0,0.0,0.0,0.0,0.0,0.0,0.0,0.0,0.0,0.0,0.0,0.0,0.0,0.0,0.0
preferred equity outside stock equity,0.0,0.0,0.0,0.0,0.0,0.0,0.0,0.0,0.0,0.0,0.0,0.0,0.0,0.0,0.0,0.0,0.0,0.0,0.0,0.0,0.0,0.0,0.0,0.0,0.0,0.0,0.0,0.0,0.0,0.0,0.0,0.0,0.0,0.0,0.0,0.0,0.0,0.0,0.0,0.0,0.0,0.0,0.0,0.0,0.0,0.0,0.0,0.0,0.0,0.0,0.0,0.0,0.0,0.0,0.0,0.0,0.0,0.0,0.0,0.0,0.0,0.0,0.0,0.0,0.0,0.0,0.0,0.0,0.0,0.0,0.0,0.0,0.0,0.0,0.0,0.0,0.0
preferred secur. of subsid. trust,0.0,0.0,0.0,0.0,0.0,0.0,0.0,0.0,0.0,0.0,0.0,0.0,0.0,0.0,0.0,0.0,0.0,0.0,0.0,0.0,0.0,0.0,0.0,0.0,0.0,0.0,0.0,0.0,0.0,0.0,0.0,0.0,0.0,0.0,0.0,0.0,0.0,0.0,0.0,0.0,0.0,0.0,0.0,0.0,0.0,0.0,0.0,0.0,0.0,0.0,0.0,0.0,0.0,0.0,0.0,0.0,0.0,0.0,0.0,0.0,0.0,0.0,0.0,0.0,0.0,0.0,0.0,0.0,0.0,0.0,0.0,0.0,0.0,0.0,0.0,0.0,0.0
preferred shares,0.0,0.0,0.0,0.0,0.0,0.0,0.0,0.0,0.0,0.0,0.0,0.0,0.0,0.0,0.0,0.0,0.0,0.0,0.0,0.0,0.0,0.0,0.0,0.0,0.0,0.0,0.0,0.0,0.0,0.0,0.0,0.0,0.0,0.0,0.0,0.0,0.0,0.0,0.0,0.0,0.0,0.0,0.0,0.0,0.0,0.0,0.0,0.0,0.0,0.0,0.0,0.0,0.0,0.0,0.0,0.0,0.0,0.0,0.0,0.0,0.0,0.0,0.0,0.0,0.0,0.0,0.0,0.0,0.0,0.0,0.0,0.0,0.0,0.0,0.0,0.0,0.0
preferred stock equity,0.0,0.0,0.0,0.0,0.0,0.0,0.0,0.0,0.0,0.0,0.0,0.0,0.0,0.0,0.0,0.0,0.0,0.0,0.0,0.0,0.0,0.0,0.0,0.0,0.0,0.0,0.0,0.0,0.0,0.0,0.0,0.0,0.0,0.0,0.0,0.0,0.0,0.0,0.0,0.0,0.0,0.0,0.0,0.0,0.0,0.0,0.0,0.0,0.0,0.0,0.0,0.0,0.0,0.0,0.0,0.0,0.0,0.0,0.0,0.0,0.0,0.0,0.0,0.0,0.0,0.0,0.0,0.0,0.0,0.0,0.0,0.0,0.0,0.0,0.0,0.0,0.0
prepaid expenses,0.0,0.0,0.0,0.0,0.0,0.0,0.0,0.0,0.0,0.0,0.0,0.0,0.0,0.0,0.0,0.0,0.0,0.0,0.0,0.0,0.0,0.0,0.0,0.0,0.0,0.0,0.0,0.0,0.0,0.0,0.0,0.0,0.0,0.0,0.0,0.0,0.0,0.0,0.0,0.0,0.0,0.0,0.0,0.0,0.0,0.0,0.0,0.0,0.0,0.0,0.0,0.0,0.0,0.0,0.0,0.0,0.0,0.0,0.0,0.0,0.0,0.0,0.0,0.0,0.0,0.0,0.0,0.0,0.0,0.0,0.0,0.0,0.0,0.0,0.0,0.0,0.0
price/cash flow ratio,0.0,0.0,11.1,8.0,8.4,12.2,13.1,11.5,12.5,13.2,10.3,11.1,11.9,10.6,14.5,14.1,15.5,16.4,8.6,12.7,7.8,6.6,4.5,4.5,4.1,4.1,5.6,7.4,6.8,6.7,5.5,7.9,10.3,9.6,6.1,5.2,5.3,7.6,7.5,9.0,10.3,7.3,7.5,8.6,7.6,9.0,7.4,7.0,6.3,4.7,5.8,7.6,8.6,-19.9,-6.3,-4.7,-2.2,-1.9,-1.6,-0.9,-2.5,-3.1,-7.0,-10.3,-12.2,-24.6,12.1,45.9,36.4,44.3,22.0,22.5,25.3,6.2,6.5,6.0,7.0
price/equity ratio,2.75,2.63,2.48,1.71,1.80,2.65,2.77,2.48,2.00,2.18,1.78,1.91,1.67,1.55,2.24,2.37,2.80,2.26,1.63,2.21,1.47,1.39,1.02,1.03,0.94,0.92,1.24,1.62,1.49,1.51,1.28,1.89,1.80,1.78,1.20,1.07,1.14,1.56,1.67,2.09,2.46,1.83,1.95,2.25,2.04,2.44,2.11,1.99,1.75,1.20,1.16,1.27,1.06,1.10,0.72,0.77,1.22,0.94,1.45,0.81,1.16,1.19,1.60,1.34,1.55,1.19,1.36,1.47,1.43,1.40,1.09,1.51,1.79,1.68,1.84,1.76,2.09
price/free cash flow ratio,-6.5,-4.5,-4.5,-25.4,-8.0,-12.8,-8.6,-42.9,-12.5,-11.6,-11.7,-12.0,-4.3,-3.6,-6.5,-16.5,-7.7,-6.8,-6.3,-17.6,-5.6,-4.2,-4.1,-7.2,-3.5,-4.1,-8.3,-18.3,-6.5,-4.7,-9.8,-14.2,-15.5,-8.9,-8.8,-41.3,-45.7,-35.1,15.1,-38.6,-16.2,-10.2,-14.2,-15.9,-11.6,-9.7,-14.4,-10.5,-7.4,-3.4,-5.3,34.9,19.5,16.7,3.6,8.2,5.5,2.7,2.4,2.8,3.2,2.8,3.3,16.7,10.1,5.9,5.5,108.5,-68.5,-29.5,-56.5,-210.2,-43.3,-24.8,-13.9,-8.6,-8.4
price/revenue ratio,0.00,0.59,0.53,0.37,0.40,0.61,0.68,0.60,0.66,0.72,0.58,0.62,0.64,0.53,0.70,0.70,0.77,0.79,0.41,0.63,0.40,0.37,0.26,0.26,0.24,0.24,0.33,0.44,0.42,0.43,0.36,0.53,0.68,0.63,0.40,0.35,0.37,0.55,0.58,0.73,0.87,0.65,0.71,0.84,0.78,0.96,0.82,0.78,0.69,0.49,0.50,0.55,0.49,0.48,0.36,0.41,0.54,0.43,0.62,0.38,0.62,0.67,0.99,0.89,1.00,0.70,0.81,0.94,0.96,1.04,0.79,1.06,1.22,1.42,1.52,1.35,1.51
price/tangible book ratio,2.75,2.68,2.54,1.75,1.84,2.71,2.86,2.56,2.05,2.23,1.82,1.97,1.90,1.74,2.51,2.68,3.26,2.56,1.82,2.44,1.75,1.62,1.18,1.19,1.08,1.05,1.41,1.83,1.67,1.69,1.44,2.11,2.49,2.46,1.61,1.42,1.50,1.96,2.06,2.55,2.97,2.17,2.28,2.61,2.35,2.77,2.37,2.22,1.93,1.32,1.28,1.40,1.16,1.13,0.73,0.78,1.25,0.96,1.46,0.82,1.17,1.20,1.61,1.35,1.56,1.20,1.36,1.48,1.43,1.41,1.10,1.52,1.80,1.69,1.86,1.78,2.11
purchase of  short-term investments,0.0,0.0,0.0,0.0,0.0,0.0,0.0,0.0,0.0,0.0,0.0,0.0,0.0,0.0,0.0,0.0,0.0,0.0,0.0,0.0,0.0,0.0,0.0,0.0,0.0,0.0,0.0,0.0,0.0,-2.0,0.0,0.0,0.0,0.0,0.0,0.0,0.0,0.0,0.0,0.0,0.0,0.0,0.0,0.0,0.0,0.0,0.0,0.0,0.0,0.0,0.0,0.0,0.0,0.0,0.0,0.0,0.0,0.0,0.0,0.0,0.0,0.0,0.0,0.0,-199.1,-299.4,-328.0,-123.3,-185.9,-259.7,-300.1,-24.4,-162.8,-188.7,-240.8,-26.8,-28.9
purchase of long-term investments,0.0,0.0,0.0,0.0,0.0,0.0,0.0,0.0,0.0,0.0,0.0,0.0,0.0,0.0,0.0,0.0,0.0,0.0,0.0,0.0,0.0,0.0,0.0,0.0,0.0,0.0,0.0,0.0,0.0,0.0,0.0,0.0,0.0,0.0,0.0,0.0,0.0,0.0,0.0,0.0,0.0,0.0,0.0,0.0,0.0,0.0,0.0,0.0,0.0,0.0,0.0,0.0,0.0,0.0,0.0,0.0,0.0,0.0,0.0,0.0,0.0,0.0,0.0,0.0,0.0,0.0,0.0,0.0,0.0,0.0,0.0,0.0,0.0,0.0,0.0,0.0,0.0
quarterly indicator,2,3,4,1,2,3,4,1,2,3,4,1,2,3,4,1,2,3,4,1,2,3,4,1,2,3,4,1,2,3,4,1,2,3,4,1,2,3,4,1,2,3,4,1,2,3,4,1,2,3,4,1,2,3,4,1,2,3,4,1,2,3,4,1,2,3,4,1,2,3,4,1,2,3,4,1,2
quick ratio,0.2,0.1,0.1,0.1,0.1,0.2,0.1,0.1,0.1,0.6,0.9,0.3,0.3,0.6,0.8,0.4,0.5,0.5,0.3,0.4,0.2,0.2,0.3,0.1,0.2,0.2,0.2,0.2,0.4,0.1,0.5,0.0,0.3,0.1,0.1,0.2,0.2,0.3,0.5,0.2,0.2,0.2,0.4,0.3,0.4,0.1,0.6,0.1,0.1,0.1,0.2,0.1,0.3,0.0,0.1,0.1,0.1,0.2,0.3,0.4,1.7,2.4,1.9,1.6,1.5,1.4,1.4,1.4,1.4,1.1,1.1,1.1,1.0,1.4,1.2,0.6,0.9
receivables,0.0,0.0,0.0,0.0,0.0,0.0,0.0,0.0,0.0,0.0,0.0,0.0,0.0,0.0,0.0,0.0,0.0,0.0,0.0,0.0,0.0,0.0,0.0,0.0,0.0,0.0,0.0,0.0,0.0,0.0,0.0,0.0,0.0,0.0,0.0,0.0,0.0,0.0,0.0,0.0,0.0,0.0,0.0,0.0,0.0,0.0,0.0,0.0,0.0,0.0,0.0,0.0,568.6,0.0,0.0,0.0,0.0,0.0,0.0,0.0,54.5,124.9,293.1,0.0,29.4,32.6,16.0,14.3,14.0,14.0,12.4,12.4,12.9,308.0,14.4,0.0,0.0
receivables as % of revenue,0.0,0.0,0.0,0.0,0.0,0.0,0.0,0.0,0.0,0.0,0.0,0.0,0.0,0.0,0.0,0.0,0.0,0.0,0.0,0.0,0.0,0.0,0.0,0.0,0.0,0.0,0.0,0.0,0.0,0.0,0.0,0.0,0.0,0.0,0.0,0.0,0.0,0.0,0.0,0.0,0.0,0.0,0.0,0.0,0.0,0.0,0.0,0.0,0.0,0.0,0.0,0.0,4.0,0.0,0.0,0.0,0.0,0.0,0.0,0.0,1.1,2.8,8.0,0.0,0.7,0.7,0.4,0.4,0.4,0.4,0.3,0.3,0.3,7.5,0.3,0.0,0.0
receivables per day sales,0.00,0.00,0.00,0.00,0.00,0.00,0.00,0.00,0.00,0.00,0.00,0.00,0.00,0.00,0.00,0.00,0.00,0.00,0.00,0.00,0.00,0.00,0.00,0.00,0.00,0.00,0.00,0.00,0.00,0.00,0.00,0.00,0.00,0.00,0.00,0.00,0.00,0.00,0.00,0.00,0.00,0.00,0.00,0.00,0.00,0.00,0.00,0.00,0.00,0.00,0.00,0.00,14.54,0.00,0.00,0.00,0.00,0.00,0.00,0.00,3.97,10.19,28.85,0.00,2.64,2.62,1.31,1.27,1.29,1.45,1.23,1.19,1.17,26.94,1.19,0.00,0.00
receivables turnover,0.0,0.0,0.0,0.0,0.0,0.0,0.0,0.0,0.0,0.0,0.0,0.0,0.0,0.0,0.0,0.0,0.0,0.0,0.0,0.0,0.0,0.0,0.0,0.0,0.0,0.0,0.0,0.0,0.0,0.0,0.0,0.0,0.0,0.0,0.0,0.0,0.0,0.0,0.0,0.0,0.0,0.0,0.0,0.0,0.0,0.0,0.0,0.0,0.0,0.0,0.0,0.0,49.5,0.0,0.0,0.0,32.3,0.0,0.0,0.0,181.4,70.6,25.0,0.0,95.5,56.9,28.5,567.3,179.4,149.7,256.1,281.3,294.8,25.6,324.9,761.7,805.1
repayment of long-term debt,-39.9,-60.9,-92.8,-19.0,-38.8,-151.7,-188.9,-11.4,-63.7,-223.7,-239.3,-17.2,-65.6,-218.6,-231.4,-16.7,-31.8,-159.3,-246.9,0.0,0.0,0.0,-621.5,-69.4,-285.3,-580.2,-963.7,-105.3,-444.8,-920.6,"-1,530.2",-484.7,"-1,378.0","-2,451.5","-3,223.5",-600.8,"-1,110.4","-1,679.6","-2,266.7",-555.0,"-1,266.9","-2,017.7","-3,059.8",-229.0,-627.5,"-1,497.8","-2,667.8",-795.2,"-2,020.0","-3,577.9","-4,711.4","-1,739.1","-2,645.0","-3,745.3","-4,696.2",-757.4,-907.8,-907.8,-944.6,-277.5,-823.9,-875.0,-956.2,-233.7,-535.6,-888.8,"-1,019.9",-129.0,-186.6,-336.5,-519.3,-12.6,-12.9,-14.5,-17.5,-18.4,-170.4
repurchase of capital stock,0.0,0.0,0.0,0.0,0.0,0.0,0.0,0.0,0.0,0.0,0.0,0.0,0.0,0.0,0.0,0.0,0.0,0.0,0.0,0.0,-0.5,-4.0,-22.4,-5.4,-14.5,-14.5,-14.5,0.0,0.0,0.0,0.0,0.0,0.0,0.0,0.0,0.0,-29.5,-29.5,-58.9,0.0,0.0,0.0,0.0,0.0,0.0,0.0,0.0,-36.8,-36.8,-36.8,-36.8,0.0,0.0,0.0,0.0,0.0,6.4,0.0,0.0,0.0,0.0,0.0,0.0,0.0,0.0,0.0,0.0,0.0,0.0,-38.6,-38.6,0.0,0.0,0.0,0.0,0.0,0.0
restricted cash,0.0,0.0,0.0,0.0,0.0,0.0,0.0,0.0,0.0,0.0,0.0,0.0,0.0,0.0,0.0,0.0,0.0,0.0,0.0,0.0,0.0,0.0,0.0,0.0,0.0,0.0,0.0,0.0,0.0,0.0,0.0,0.0,0.0,0.0,0.0,0.0,0.0,0.0,0.0,0.0,0.0,0.0,0.0,0.0,0.0,0.0,0.0,0.0,0.0,0.0,248.3,0.0,0.0,0.0,0.0,0.0,0.0,0.0,0.0,0.0,0.0,62.0,55.2,53.1,50.3,58.8,53.7,46.2,45.0,50.4,49.1,44.6,40.7,41.5,49.3,54.8,54.5
retained earnings,11.7,5.2,10.8,14.7,18.6,7.5,14.2,19.6,24.7,8.2,17.6,24.4,30.4,39.5,51.7,61.8,72.7,216.1,247.4,278.8,310.3,352.7,400.1,440.8,477.7,523.3,468.7,515.8,396.7,461.7,544.6,614.2,698.5,795.7,923.2,"1,026.3","1,143.8","1,289.2","1,509.1","1,683.9","1,853.7","2,086.3","2,417.3","2,639.5","2,912.1","3,255.7","3,791.3","4,073.2","4,394.8","4,656.3","4,887.0","4,949.7","4,954.3","4,083.5","3,986.1","3,810.0","2,457.1","2,034.1","1,210.5","1,136.0","1,015.6",861.5,617.7,793.3,792.8,831.3,810.6,778.2,794.0,810.7,834.6,850.4,879.1,"1,655.0","1,743.1","1,749.2","1,860.1"
revenue per $  plant (net),0.00,83.29,87.40,89.43,84.88,85.72,81.00,79.57,82.78,89.68,97.73,98.38,51.78,56.48,63.92,71.64,50.58,57.85,85.37,75.12,74.31,77.67,85.30,86.28,84.40,83.84,93.78,97.96,94.02,81.47,83.91,85.36,78.73,82.95,93.73,95.04,99.08,106.17,106.86,110.83,111.30,114.69,117.96,121.00,124.44,125.54,129.33,126.19,129.93,116.80,114.55,117.87,112.52,110.32,102.51,101.81,103.15,101.85,100.85,82.34,74.21,70.58,63.28,69.51,70.18,73.09,72.73,67.61,65.78,59.20,63.14,68.28,74.26,61.71,59.97,57.66,59.62
revenue per $ cash,0.00,26.30,35.12,21.32,29.71,13.15,26.19,19.89,22.30,17.27,16.84,37.79,22.99,12.82,19.03,22.87,16.81,12.45,28.35,23.87,48.63,38.53,24.54,67.03,39.87,44.48,50.38,47.17,30.44,66.22,18.62,213.03,28.44,108.78,64.58,37.62,40.71,27.13,14.97,55.97,43.96,42.45,20.93,31.25,20.42,71.46,12.06,63.26,53.80,95.35,25.61,107.41,64.39,213.93,41.90,78.79,16.35,9.44,4.79,3.04,3.26,2.20,1.87,2.00,2.44,3.22,3.36,3.38,3.60,4.15,4.96,5.09,5.83,4.55,4.16,8.33,4.51
revenue per $ common equity,0.00,4.43,4.65,4.65,4.49,4.33,4.12,4.14,3.04,3.04,3.08,3.09,2.60,2.89,3.19,3.38,3.65,2.85,3.96,3.49,3.65,3.76,3.96,3.96,3.95,3.88,3.77,3.66,3.58,3.51,3.56,3.55,2.65,2.84,2.97,3.08,3.09,2.83,2.88,2.86,2.84,2.81,2.74,2.66,2.62,2.55,2.59,2.54,2.52,2.46,2.33,2.30,2.15,2.29,2.02,1.88,2.25,2.20,2.34,2.11,1.87,1.77,1.62,1.50,1.55,1.71,1.68,1.57,1.49,1.35,1.39,1.42,1.47,1.18,1.21,1.31,1.39
revenue per $ invested capital,0.00,4.43,4.65,4.65,4.49,4.33,4.12,4.14,3.04,1.51,1.57,1.47,1.11,1.18,1.35,1.39,1.29,1.01,1.55,1.46,1.48,1.52,1.59,1.60,1.50,1.53,1.58,1.49,1.39,1.37,1.42,3.55,1.09,1.19,1.31,1.35,1.37,1.36,1.46,1.55,1.47,1.47,1.45,1.37,1.33,1.34,1.35,1.33,1.31,1.23,1.33,1.34,1.26,1.40,1.18,1.13,2.25,2.20,2.34,2.11,0.90,0.75,0.66,0.71,0.77,0.90,0.92,0.87,0.84,0.78,0.84,0.86,0.89,0.74,0.72,0.76,0.74
revenue per share,0.00,4.71,3.97,4.16,4.19,3.99,4.06,5.00,4.16,4.03,4.66,4.85,4.61,5.35,6.19,6.82,7.67,7.26,10.75,10.04,11.43,12.41,13.86,14.58,15.18,15.69,15.66,16.55,16.95,17.63,19.31,20.33,18.44,20.77,23.00,24.99,25.98,25.57,28.20,29.62,30.60,32.79,34.84,35.80,37.48,39.27,44.30,45.63,47.89,48.78,48.05,47.87,44.82,41.34,35.87,32.29,29.03,25.41,20.99,18.38,15.60,13.92,11.52,12.18,12.59,14.08,13.80,12.70,12.19,11.04,11.51,11.86,12.45,12.90,13.57,14.70,16.11
revenue/assets,0.0,1.5,1.7,1.7,1.6,1.5,1.4,1.4,1.3,1.3,1.4,1.3,1.0,1.0,1.2,1.2,1.1,0.9,1.3,1.2,1.3,1.3,1.3,1.4,1.3,1.3,1.4,1.3,1.2,1.2,1.2,1.3,1.0,1.1,1.1,1.2,1.2,1.2,1.2,1.3,1.3,1.2,1.2,1.2,1.1,1.1,1.1,1.1,1.1,1.0,1.0,1.1,1.0,1.0,1.0,1.0,1.0,0.9,0.9,0.8,0.8,0.7,0.5,0.6,0.6,0.7,0.7,0.7,0.7,0.6,0.7,0.7,0.7,0.6,0.6,0.6,0.6
sale of long-term investments,0.0,0.0,0.0,0.0,0.0,0.0,0.0,0.0,0.0,0.0,0.0,0.0,0.0,0.0,0.0,0.0,0.0,0.0,0.0,0.0,0.0,0.0,0.0,0.0,0.0,0.0,0.0,0.0,0.0,0.0,0.0,0.0,0.0,0.0,0.0,0.0,0.0,0.0,0.0,0.0,0.0,0.0,0.0,0.0,0.0,0.0,0.0,0.0,0.0,0.0,0.0,0.0,0.0,0.0,0.0,0.0,0.0,0.0,0.0,0.0,0.0,0.0,0.0,0.0,0.0,0.0,0.0,0.0,0.0,0.0,0.0,0.0,0.0,0.0,0.0,0.0,0.0
sale of short-term investments,0.0,0.0,0.0,0.0,0.0,0.0,0.0,0.0,0.0,0.0,0.0,0.0,0.0,0.0,0.0,0.0,0.0,0.0,0.0,0.0,0.0,0.0,0.0,0.0,0.0,0.0,0.0,0.0,0.0,0.0,0.0,0.5,0.0,0.0,0.0,0.0,0.0,0.0,0.0,0.0,0.0,0.0,0.0,0.0,0.0,0.0,0.0,0.0,0.0,0.0,0.0,0.0,0.0,0.0,0.0,0.0,0.0,0.0,0.0,0.0,0.0,0.0,0.0,0.0,0.0,0.0,27.7,122.3,187.7,254.7,292.5,21.5,157.5,196.8,232.8,226.7,325.4
sales per $ inventory,0.00,1.70,1.93,1.92,1.79,1.78,1.55,1.57,0.00,1.51,1.58,1.42,1.14,1.25,1.38,1.41,1.34,1.09,1.60,1.53,1.56,1.59,1.69,1.66,1.58,1.61,1.67,1.56,1.52,1.47,1.59,1.58,1.28,1.39,1.55,1.60,1.61,1.61,1.72,1.64,1.65,1.60,1.65,1.49,1.48,1.42,1.63,1.41,1.38,1.27,1.33,1.32,1.26,1.23,1.21,1.18,1.30,1.26,1.42,1.32,1.19,1.14,1.00,1.08,1.06,1.26,1.28,1.19,1.12,1.00,1.05,1.08,1.09,1.07,1.05,0.94,0.98
sales per $ receivables,0.00,0.00,0.00,0.00,0.00,0.00,0.00,0.00,0.00,0.00,0.00,0.00,0.00,0.00,0.00,0.00,0.00,0.00,0.00,0.00,0.00,0.00,0.00,0.00,0.00,0.00,0.00,0.00,0.00,0.00,0.00,0.00,0.00,0.00,0.00,0.00,0.00,0.00,0.00,0.00,0.00,0.00,0.00,0.00,0.00,0.00,0.00,0.00,0.00,0.00,0.00,0.00,24.76,0.00,0.00,0.00,0.00,0.00,0.00,0.00,90.69,35.32,12.48,0.00,136.31,137.44,275.01,283.66,278.14,249.07,293.29,302.84,307.39,13.36,302.36,0.00,0.00
sales per employee,None,None,853145,None,None,None,823729,None,None,None,894281,None,None,None,721810,None,None,None,883124,None,None,None,940745,None,None,None,1006250,None,None,None,1026143,None,None,None,1182044,None,None,None,1374937,None,None,None,1452023,None,None,None,1557719,None,None,None,1715834,None,None,None,1812951,None,None,None,1748974,None,None,None,1250034,None,None,None,1369073,None,None,None,1208239,None,None,None,1252229,None,None
shares out (common class only),69.5,74.2,99.0,99.0,99.3,107.4,107.6,92.3,117.3,126.8,117.4,117.6,133.6,135.1,135.4,135.5,135.8,193.5,202.5,223.0,232.7,232.9,227.7,226.6,224.3,224.4,233.3,225.5,226.6,227.1,230.7,231.3,292.6,292.9,293.0,293.1,293.7,314.3,309.5,310.2,314.2,310.8,311.2,311.7,312.1,312.7,312.9,312.2,312.5,312.9,313.2,313.7,314.1,314.6,314.9,315.0,315.8,316.3,316.7,316.7,316.9,317.0,317.5,317.9,318.2,318.3,318.8,319.3,319.4,316.0,316.0,316.7,318.4,319.2,320.9,321.3,322.3
short-term debt,91.8,109.9,108.6,123.1,131.9,149.4,0.0,0.0,157.5,0.0,0.0,0.0,0.0,0.0,0.0,0.0,0.0,0.0,0.0,0.0,0.0,0.0,0.0,0.0,0.0,0.0,0.0,0.0,0.0,0.0,0.0,0.0,0.0,0.0,0.0,0.0,0.0,0.0,0.0,0.0,0.0,0.0,0.0,0.0,0.0,0.0,0.0,0.0,0.0,0.0,0.0,0.0,0.0,0.0,0.0,0.0,0.0,0.0,0.0,0.0,44.4,0.0,0.0,0.0,0.0,0.0,0.0,0.0,0.0,0.0,0.0,0.0,0.0,0.0,0.0,0.0,0.0
special income charges,0.0,0.0,0.0,0.0,0.0,0.0,0.0,0.0,0.0,0.0,0.0,0.0,0.0,0.0,0.0,0.0,0.0,-11.9,0.0,0.0,0.0,0.0,0.0,0.0,0.0,0.0,0.0,0.0,0.0,0.0,0.0,0.0,0.0,0.0,0.0,0.0,0.0,0.0,0.0,0.0,0.0,0.0,0.0,0.0,0.0,0.0,0.0,0.0,0.0,0.0,0.0,0.0,0.0,-437.7,-48.5,0.0,0.0,-2.6,-79.4,6.2,0.0,-3.9,12.3,0.0,0.0,0.0,4.3,0.8,-2.7,0.0,0.0,0.0,0.0,0.0,-0.1,0.0,0.0
tangible book value per share,1.07,1.04,0.83,0.87,0.91,0.90,0.96,1.17,1.34,1.30,1.48,1.52,1.56,1.64,1.73,1.79,1.80,2.25,2.43,2.60,2.64,2.82,3.01,3.19,3.34,3.55,3.66,4.01,4.23,4.49,4.83,5.13,5.04,5.30,5.77,6.12,6.42,7.17,7.92,8.49,8.95,9.80,10.87,11.59,12.46,13.56,15.28,16.12,17.17,18.01,18.75,18.96,18.98,17.56,17.44,16.89,12.59,11.26,8.90,8.67,8.30,7.83,7.07,8.07,8.07,8.20,8.15,8.06,8.12,8.15,8.24,8.31,8.43,10.88,11.07,11.12,11.49
total assets per share,2.87,3.14,2.33,2.51,2.64,2.69,2.96,3.66,3.09,3.08,3.43,3.79,4.75,5.18,5.32,5.65,6.87,8.38,8.23,8.05,9.04,9.61,10.37,10.67,11.70,11.89,11.55,12.79,13.80,14.69,15.83,15.83,19.12,19.63,20.54,21.35,21.78,22.01,23.52,23.11,24.32,26.39,28.88,31.12,33.77,35.32,39.99,41.04,43.23,46.53,47.31,43.58,43.01,39.71,36.70,33.02,28.35,26.76,24.35,22.66,20.44,21.39,21.28,21.05,20.30,19.52,18.63,17.94,17.60,17.42,16.95,16.93,17.23,20.86,22.59,22.87,25.55
total capitalization,0.0,0.0,0.0,0.0,0.0,0.0,0.0,0.0,0.0,0.0,0.0,0.0,0.0,0.0,0.0,0.0,0.0,0.0,0.0,0.0,"1,795.8","1,905.7","1,988.2","2,069.7","2,275.6","2,296.9","2,314.0","2,505.1","2,763.9","2,920.9","3,134.6","1,323.3","4,935.1","5,094.3","5,148.2","5,412.0","5,554.9","5,916.3","5,994.4","5,946.1","6,537.9","6,943.8","7,459.9","8,116.9","8,810.0","9,183.4","10,270.0","10,727.6","11,467.7","12,428.1","11,339.8","11,169.7","11,131.9","9,310.7","9,575.9","9,032.4","4,072.8","3,657.8","2,834.3","2,762.9","5,514.9","5,855.3","5,536.9","5,490.8","5,214.0","4,994.2","4,785.0","4,639.3","4,612.7","4,471.9","4,325.2","4,377.7","4,456.7","5,584.0","6,085.2","6,204.1","7,014.0"
total debt as % total assets,62.9,66.2,63.4,64.5,64.7,65.7,66.7,67.0,55.6,56.9,55.9,58.6,62.7,64.3,63.5,64.3,69.4,69.6,67.1,64.3,65.3,65.7,66.2,65.5,67.2,66.0,64.0,64.6,65.7,65.8,65.8,63.9,63.6,62.8,62.3,62.1,61.5,59.0,58.4,55.2,55.6,55.8,55.9,56.8,57.6,56.4,57.2,56.2,56.0,57.3,56.5,52.3,51.6,54.6,51.7,47.9,54.5,56.8,63.2,61.5,59.1,63.2,66.6,61.4,60.0,57.7,56.0,54.8,53.6,52.9,51.1,50.6,50.8,47.6,50.4,50.9,54.6
total debt/equity ratio,1.24,1.39,1.28,1.39,1.42,1.51,0.00,0.00,0.98,1.02,0.96,1.10,1.34,1.44,1.35,1.44,1.84,1.83,1.56,1.39,1.46,1.48,1.49,1.48,1.64,1.53,1.39,1.46,1.58,1.56,1.51,1.40,1.42,1.38,1.27,1.28,1.25,1.09,0.98,0.85,0.93,0.92,0.88,0.94,0.97,0.91,0.92,0.91,0.93,1.00,0.94,0.79,0.78,0.87,0.78,0.69,0.92,0.98,1.32,1.23,1.10,1.34,1.45,1.13,1.02,0.90,0.83,0.79,0.77,0.73,0.65,0.65,0.65,0.60,0.69,0.72,0.87
total non-current assets,10.0,14.1,15.6,14.5,15.8,15.8,19.2,20.4,20.9,21.6,25.1,30.3,66.4,65.8,71.2,71.5,94.8,217.9,233.1,234.6,341.6,351.0,367.2,379.7,388.0,406.3,431.0,414.2,467.8,558.9,608.5,658.6,"1,205.8","1,313.1","1,570.1","1,483.4","1,475.3","1,622.5","1,614.2","1,415.2","1,589.4","1,579.1","1,899.8","1,848.4","2,041.0","2,250.3","2,878.2","2,514.0","2,380.4","2,394.2","2,641.7","2,186.3","1,514.1","1,845.9","1,943.2","1,685.6","1,328.9","1,216.6","1,639.1",835.7,740.0,551.6,788.0,"1,118.0",777.8,548.2,812.9,757.6,715.1,801.5,817.0,790.7,767.0,494.7,964.1,930.3,"1,023.4"
total ordinary shares,0.0,0.0,0.0,0.0,0.0,0.0,0.0,0.0,0.0,0.0,0.0,0.0,0.0,0.0,0.0,0.0,0.0,0.0,0.0,0.0,0.0,0.0,0.0,0.0,0.0,0.0,0.0,0.0,0.0,0.0,0.0,0.0,0.0,0.0,0.0,0.0,0.0,0.0,0.0,0.0,0.0,0.0,0.0,0.0,0.0,0.0,0.0,0.0,0.0,0.0,0.0,0.0,0.0,0.0,0.0,0.0,0.0,0.0,0.0,0.0,0.0,0.0,0.0,0.0,0.0,0.0,0.0,0.0,0.0,0.0,0.0,0.0,0.0,0.0,0.0,0.0,0.0
total revenue,82.6,107.8,124.0,97.0,87.1,120.5,132.8,121.1,114.0,143.3,168.9,144.4,159.6,250.1,283.2,231.2,277.5,613.8,686.8,660.6,699.1,843.0,953.5,809.0,798.9,959.2,"1,086.7",887.7,906.8,"1,121.0","1,540.0","1,135.0","1,600.1","1,808.5","2,170.4","1,744.9","1,908.5","2,212.4","2,862.2","2,204.5","2,335.3","2,790.4","3,510.6","2,520.1","2,876.7","3,370.2","5,096.8","2,903.1","3,597.6","3,667.8","4,882.8","2,868.0","2,658.1","2,598.1","3,172.4","1,742.6","1,656.9","1,464.2","1,782.4",918.0,778.0,932.9,"1,028.8","1,132.2",913.5,"1,406.1",948.5,788.2,751.1,999.2,"1,098.3",906.6,961.2,"1,150.0","1,336.2","1,275.1","1,431.6"
treasury shares,0.0,0.0,0.0,0.0,0.0,0.0,0.0,0.0,0.0,0.0,0.0,0.0,0.0,0.0,0.0,0.0,0.0,0.0,0.0,0.0,0.1,0.8,5.4,6.8,9.4,9.4,8.6,8.6,0.0,0.0,0.0,0.0,0.0,0.0,0.0,0.0,3.3,3.3,5.3,3.5,3.5,3.5,3.5,3.5,2.7,2.7,2.7,3.7,3.7,3.7,3.7,3.7,3.7,3.7,3.7,3.7,3.7,3.7,3.7,3.7,3.7,3.7,3.7,3.7,3.7,3.7,3.7,3.7,3.7,7.2,7.2,7.2,7.2,7.2,7.2,7.2,7.2
treasury stock,0.0,0.0,0.0,0.0,0.0,0.0,0.0,0.0,0.0,0.0,0.0,0.0,0.0,0.0,0.0,0.0,0.0,0.0,0.0,0.0,0.0,0.0,-22.4,-27.8,-36.9,-36.9,-36.9,-36.9,0.0,0.0,0.0,0.0,0.0,0.0,0.0,0.0,-29.5,-29.5,-58.9,-58.9,-58.9,-58.9,-58.9,-58.9,-58.9,-58.9,-58.9,-95.7,-95.7,-95.7,-95.7,-95.7,-95.7,-95.7,-95.7,-95.7,-95.7,-95.7,-95.7,-95.7,-95.7,-95.7,-95.7,-95.7,-95.7,-95.7,-95.7,-95.7,-95.7,-134.3,-134.3,-134.3,-134.3,-134.3,-134.3,-134.3,-134.3
working capital,64.2,76.8,79.2,85.9,76.8,83.1,100.4,107.0,139.7,317.6,343.4,357.8,489.2,544.4,593.1,593.9,715.0,"1,189.7","1,175.8","1,304.3","1,459.7","1,558.4","1,625.9","1,695.1","1,892.2","1,895.6","1,888.2","2,099.1","2,304.5","2,370.4","2,534.9",674.0,"3,751.2","3,801.5","3,599.0","3,947.2","4,105.7","4,363.3","4,516.1","4,676.6","4,996.7","5,433.2","5,726.5","6,476.2","6,982.3","7,125.5","7,595.0","8,389.6","9,265.3","10,179.5","8,803.2","9,093.9","9,721.1","7,549.9","7,701.1","7,384.9","2,778.2","2,560.2","1,225.7","1,956.5","4,789.7","5,324.6","4,757.7","4,387.4","4,445.6","4,455.8","3,981.8","3,883.7","3,899.6","3,672.5","3,557.6","3,589.9","3,692.7","5,092.2","5,123.7","5,276.5","5,993.3"
working capital as % of price,31.3,37.0,37.9,57.0,46.1,31.6,33.9,38.7,43.4,86.7,109.0,101.4,123.5,140.9,100.9,91.4,89.5,106.9,131.7,92.3,135.9,146.1,200.3,196.5,234.2,226.1,156.7,126.9,144.3,138.0,158.1,26.9,102.0,99.7,131.9,155.3,145.6,98.8,89.2,69.7,59.8,82.1,74.1,68.7,76.5,60.6,67.0,75.2,89.2,136.6,117.3,109.4,140.7,120.4,190.9,178.1,55.9,74.6,29.7,87.4,155.8,179.5,131.4,127.0,110.9,142.4,112.3,101.9,104.8,100.9,124.6,89.8,76.5,86.8,77.4,83.0,76.5
working capital per share,0.92,1.03,0.80,0.87,0.77,0.77,0.93,1.16,1.19,2.51,2.93,3.04,3.66,4.03,4.38,4.38,5.26,6.15,5.81,5.85,6.27,6.69,7.14,7.48,8.43,8.45,8.09,9.31,10.17,10.44,10.99,2.91,12.82,12.98,12.28,13.47,13.98,13.88,14.59,15.08,15.90,17.48,18.40,20.78,22.37,22.79,24.27,26.87,29.64,32.53,28.10,28.99,30.95,24.00,24.45,23.45,8.80,8.09,3.87,6.18,15.11,16.80,14.99,13.80,13.97,14.00,12.49,12.16,12.21,11.62,11.26,11.33,11.60,15.95,15.97,16.42,18.60
working captial as % of equity,86.6,97.3,93.6,97.2,82.8,83.9,94.6,96.0,87.0,188.7,193.4,193.6,206.4,217.8,225.7,217.4,250.7,241.5,214.0,203.4,200.3,202.9,203.8,203.3,219.5,208.8,194.7,205.8,214.9,208.0,202.8,50.9,184.0,177.7,158.6,166.3,166.5,153.9,149.0,145.6,147.4,149.9,144.6,154.6,156.2,147.8,141.7,149.5,155.9,163.8,136.4,139.4,148.7,133.0,137.8,136.4,68.2,70.0,43.2,70.8,180.9,213.2,210.6,170.0,172.0,169.6,152.4,150.0,149.5,141.7,135.8,135.5,136.8,146.0,142.6,146.1,160.2
