,1994/02,1994/05,1994/08,1994/11,1995/02,1995/05,1995/08,1995/11,1996/02,1996/05,1996/08,1996/11,1997/02,1997/05,1997/08,1997/11,1998/02,1998/05,1998/08,1998/11,1999/02,1999/05,1999/08,1999/11,2000/02,2000/05,2000/08,2000/11,2001/02,2001/05,2001/08,2001/11,2002/02,2002/05,2002/08,2002/11,2003/02,2003/05,2003/08,2003/11,2004/02,2004/05,2004/08,2004/11,2005/02,2005/05,2005/08,2005/11,2006/02,2006/05,2006/08,2006/11,2007/02,2007/05,2007/08,2007/11,2008/02,2008/05,2008/08,2008/11,2009/02,2009/05,2009/08,2009/11,2010/02,2010/05,2010/08,2010/11,2011/02,2011/05,2011/08,2011/11,2012/02,2012/05,2012/08,2012/11,2013/02
% of EPS-to-Industry,28.6,-8.7,-20.3,-184.5,-188.9,-173.1,-206.1,-8.9,-360.5,-375.0,-278.5,-252.3,-15.4,16.0,0.0,18.5,20.4,22.2,25.5,15.4,4.7,5.7,2.9,-16.7,-28.8,-33.3,-16.4,-25.0,-31.0,-94.4,64.1,52.3,36.4,32.4,33.8,32.7,30.1,34.9,35.4,35.1,38.7,33.2,25.0,35.8,39.9,27.0,30.8,39.7,40.0,63.0,63.0,54.2,39.8,59.0,59.4,76.2,183.7,240.3,402.3,248.5,171.0,97.5,73.7,59.0,42.3,42.5,51.6,57.0,69.5,111.2,135.1,151.8,158.0,141.6,138.4,0.0,0.0
% of PE-to-Industry,120.8,0.0,0.0,0.0,0.0,0.0,0.0,0.0,0.0,0.0,0.0,0.0,0.0,19.9,0.0,42.6,48.2,48.4,33.8,49.0,163.3,120.6,0.0,0.0,0.0,0.0,0.0,0.0,0.0,0.0,23.2,38.1,67.8,107.5,87.3,70.9,72.6,59.5,58.2,67.2,76.1,94.4,142.5,102.6,82.9,138.5,117.7,113.3,158.2,95.4,69.1,98.1,154.3,117.1,148.6,126.9,66.3,61.3,44.1,44.5,25.7,45.8,67.9,91.3,132.0,106.2,79.2,94.8,120.2,101.1,80.5,78.1,78.5,80.4,64.6,67.5,88.9
% of ROE-to-Industry,22.7,0.0,0.0,0.0,0.0,0.0,0.0,0.0,0.0,0.0,0.0,0.0,0.0,69.8,0.0,65.8,63.2,76.3,60.6,41.0,10.3,16.3,0.0,87.5,0.0,0.0,0.0,0.0,0.0,0.0,239.3,232.3,161.9,132.4,129.5,121.4,112.8,125.2,128.4,118.8,124.8,106.2,66.9,66.7,78.8,73.7,63.1,83.9,84.6,109.9,107.4,132.6,95.1,121.9,170.4,215.4,402.1,376.9,266.2,236.0,185.2,133.3,96.2,67.9,52.8,47.4,58.9,56.7,62.6,78.8,140.4,391.9,503.8,89.0,86.0,0.0,0.0
% of current ratio-to-industry,100.0,105.3,94.7,84.2,89.5,215.8,205.3,205.3,66.7,150.0,152.6,144.4,127.3,276.9,0.0,300.0,345.5,261.5,242.9,187.5,240.0,284.6,338.5,246.7,220.0,181.3,200.0,187.5,235.7,281.8,263.6,275.0,281.8,333.3,377.8,377.8,466.7,333.3,310.0,206.7,200.0,230.8,213.3,168.4,140.0,178.6,147.4,114.3,155.0,126.3,142.1,142.1,138.1,138.1,136.4,166.7,158.8,175.0,188.9,220.0,177.8,183.3,184.2,200.0,210.5,194.4,205.6,188.9,189.5,200.0,243.8,231.3,250.0,205.9,241.2,0.0,0.0
% of debt/equity-to-industry,192.3,177.8,100.0,553.1,545.8,562.5,484.9,511.5,686.5,913.5,167.2,166.7,142.4,95.5,0.0,52.1,60.9,43.7,65.6,73.1,82.5,145.5,150.0,182.4,150.0,130.5,87.6,78.2,68.5,61.8,58.9,65.5,55.2,47.3,40.4,37.4,37.0,30.3,41.0,35.5,35.1,53.3,193.8,186.8,259.6,230.2,228.8,187.2,188.9,78.5,71.8,121.2,105.9,116.0,227.5,231.6,211.9,181.8,160.4,182.9,141.9,123.8,82.4,82.4,65.5,53.7,45.1,79.2,78.7,44.0,39.1,37.9,45.3,37.9,37.2,0.0,0.0
% of earnings-to-industry,0.1,0.0,-0.1,-0.5,-0.5,-0.4,-0.5,0.0,-0.7,-0.7,-0.5,-0.5,0.0,0.0,0.0,0.0,0.0,0.1,0.1,0.0,0.0,0.0,0.0,0.1,-8.1,-0.4,-0.1,-0.1,-0.1,-0.4,0.2,0.2,0.1,0.1,0.1,0.1,0.1,0.1,0.1,0.1,0.1,0.1,0.1,0.1,0.1,0.1,0.1,0.1,0.1,0.2,0.2,0.2,0.1,0.2,0.2,0.3,0.6,0.6,0.7,0.6,0.4,0.3,0.2,0.2,0.1,0.1,0.1,0.2,0.2,0.6,1.0,2.8,3.4,0.6,0.6,0.0,0.0
% of gross profit margin-to-industry,134.6,138.5,139.8,142.9,141.6,148.0,164.9,165.9,168.2,144.0,140.5,137.6,133.7,111.4,0.0,104.6,100.2,102.0,100.6,98.3,97.9,100.7,102.2,107.1,107.8,118.4,118.5,113.9,117.2,101.8,100.2,104.2,96.2,104.9,105.4,101.8,103.8,102.1,101.7,101.4,100.7,95.7,94.4,93.4,94.8,89.8,88.4,87.1,85.8,92.3,91.1,91.9,91.4,94.7,92.6,91.8,91.2,86.8,86.0,82.7,78.4,75.9,74.3,73.3,72.5,72.7,73.2,74.3,76.1,91.9,100.6,110.0,114.8,86.8,85.2,0.0,0.0
% of leverage-to-industry,168.2,169.6,150.0,183.3,179.2,156.0,152.0,156.0,236.0,252.0,104.2,108.7,100.0,76.9,0.0,60.7,58.6,58.6,65.5,70.4,71.4,75.9,81.5,88.0,88.0,80.8,78.6,72.4,64.5,63.3,65.5,67.9,67.9,58.1,56.7,56.7,51.6,51.6,60.7,58.6,59.3,66.7,117.4,116.7,121.7,103.6,116.7,113.0,100.0,78.6,70.0,87.5,82.6,87.0,114.3,109.5,109.1,100.0,91.7,95.7,87.0,86.4,70.8,73.9,66.7,66.7,62.5,70.8,73.9,54.8,51.6,54.8,54.8,53.1,50.0,0.0,0.0
% of net profit margin-to-industry,24.5,-7.8,-20.0,-198.0,-218.8,-235.6,-281.3,-12.9,-500.0,-536.4,-434.9,-397.7,-25.0,39.1,0.0,47.2,48.2,54.4,55.7,34.2,8.3,12.8,0.0,62.5,0.0,-440.0,-69.4,-96.9,-121.4,-360.0,140.0,131.4,89.6,86.8,90.7,84.5,77.4,82.8,81.7,75.4,80.0,73.0,57.1,47.1,43.8,32.4,29.7,42.9,44.0,60.3,61.4,59.7,40.9,52.7,53.8,64.1,130.6,136.1,135.1,104.0,79.7,58.2,46.0,36.7,28.7,27.3,33.3,36.3,46.5,92.9,142.1,373.3,416.7,94.6,91.4,0.0,0.0
% of post-tax profit margin-to-industry,24.5,21.6,12.0,-160.8,-181.6,-215.6,-287.9,-29.0,-503.2,-553.1,-445.2,-407.0,-25.0,46.2,0.0,52.1,52.9,64.6,69.4,41.7,10.0,13.5,0.0,45.5,1000.0,-366.7,-65.8,-86.1,-109.7,-327.3,144.8,121.1,82.7,82.1,87.5,84.5,80.0,82.8,81.7,79.0,82.5,78.3,59.7,47.8,44.4,32.9,29.7,42.9,44.0,62.1,63.2,63.0,61.6,81.7,84.5,102.0,134.3,148.5,147.1,110.6,83.6,57.5,45.5,36.3,28.4,27.0,33.0,35.9,46.5,91.2,138.5,350.0,416.7,94.6,91.4,0.0,0.0
% of pre-tax profit margin-to-industry,37.1,24.7,20.0,-138.8,-161.0,-171.1,-27.9,178.1,-71.9,-320.0,-296.1,-263.6,-11.5,52.9,0.0,57.8,62.1,62.4,69.0,47.5,17.0,25.0,15.5,36.1,118.5,126.7,4100.0,2600.0,1325.0,311.1,120.4,107.8,91.0,86.2,88.8,88.9,82.1,86.7,86.8,85.1,87.5,81.1,61.5,51.5,45.8,34.8,31.0,43.5,45.8,65.7,68.9,72.0,70.1,84.5,86.5,102.4,125.4,139.0,137.7,103.6,80.0,55.3,37.1,26.7,20.3,28.8,34.8,38.9,42.2,84.0,117.1,210.0,426.3,95.5,94.3,0.0,0.0
% of pric/free cashlow-to-industry,-2.6,-1.3,41.1,-27.8,-7.3,9.8,14.3,10.5,12.1,8.0,4.9,-7.7,-1.1,1.4,0.0,437.7,245.4,734.5,-4.4,-3.5,-2.6,-1.5,14.3,-138.2,-24.3,7.6,62.0,15.2,40.4,-7.6,-26.1,-71.4,-291.3,106.2,-222.4,97.2,154.8,47.8,151.2,-3.0,507.3,-47.9,0.2,3.0,2.8,0.6,2.9,6.5,-6.1,1202.4,-624.2,193.7,-2537.1,140.7,44.7,89.3,131.7,83.3,-961.8,850.0,34.6,39.8,20.8,62.1,22.3,19.0,16.3,-24.4,-128.5,-56.9,-6.0,89.0,-632.2,98.4,42.3,-16.8,282.2
% of price-to-industry,35.1,32.6,20.9,20.1,10.8,10.4,15.8,12.5,8.5,11.5,9.4,6.9,8.0,3.9,0.0,9.3,11.3,12.6,11.0,9.2,9.4,6.9,6.7,5.8,6.9,6.9,10.8,9.1,11.4,8.4,14.5,19.5,25.3,34.9,29.5,22.7,21.4,20.4,20.6,24.0,29.0,30.9,35.6,36.1,33.6,36.7,36.2,44.4,63.3,60.1,43.6,53.5,61.4,69.1,88.8,95.9,121.0,147.0,174.9,109.7,44.1,44.7,50.2,53.9,56.1,45.2,40.9,53.8,83.4,112.1,108.9,118.6,124.5,114.1,89.4,90.9,111.0
% of price/book-to-industry,32.9,31.6,22.2,27.8,15.0,14.2,21.3,17.0,18.5,27.1,22.4,16.4,22.3,18.8,0.0,42.1,49.0,48.5,41.1,37.3,36.9,26.2,26.9,25.8,30.6,27.4,41.2,34.7,36.2,33.1,58.3,85.2,107.7,139.4,116.2,89.6,81.8,72.9,77.3,85.9,102.1,99.0,115.4,109.0,96.4,102.6,104.1,117.4,161.5,113.3,79.7,116.2,136.4,141.0,213.1,226.9,269.2,260.8,241.0,155.8,58.9,58.1,58.8,60.9,64.9,50.0,44.0,58.5,94.0,71.6,69.0,73.7,83.1,71.8,55.5,60.2,73.2
% of price/cashflow-to-industry,68.8,63.0,41.9,-132.2,-78.2,-44.8,-92.1,27.0,-12.7,-14.2,-11.9,-9.2,47.8,29.2,0.0,74.1,98.8,74.6,82.1,80.0,93.6,55.9,44.1,28.2,26.1,19.2,28.5,23.3,20.7,27.8,48.7,57.9,113.9,159.9,138.3,123.3,104.9,93.8,95.8,109.6,127.4,128.6,202.4,160.6,107.2,105.3,120.9,126.3,181.9,103.6,76.0,91.0,130.5,115.8,131.9,122.1,108.0,130.7,168.7,106.6,45.6,50.7,64.7,83.1,103.1,85.3,67.5,95.1,142.8,104.2,58.6,33.2,31.9,101.2,81.5,116.3,152.2
% of price/sales-to-industry,35.2,31.9,22.1,22.7,12.6,14.7,22.1,17.9,12.5,17.0,15.2,11.3,12.8,11.1,0.0,29.7,37.5,34.6,38.3,30.3,28.1,22.6,19.6,17.6,22.1,20.4,31.3,24.8,28.1,21.6,34.6,47.3,60.4,91.2,81.4,61.3,56.0,48.5,48.9,55.3,65.2,68.0,100.0,77.2,53.0,45.2,48.0,58.8,84.6,62.1,45.3,52.5,58.6,60.4,67.6,68.0,87.9,94.7,124.1,69.7,25.9,25.4,28.2,32.5,34.9,28.5,24.5,37.0,69.0,84.6,69.8,67.6,66.0,76.6,58.8,64.2,77.6
% of sales-to-industry,0.3,0.3,0.3,0.3,0.2,0.2,0.2,0.2,0.1,0.1,0.1,0.1,0.1,0.1,0.0,0.1,0.1,0.1,0.1,0.1,0.1,0.1,0.1,0.1,0.1,0.1,0.1,0.1,0.1,0.1,0.1,0.1,0.1,0.1,0.1,0.1,0.1,0.1,0.1,0.1,0.1,0.1,0.1,0.2,0.2,0.2,0.2,0.3,0.3,0.3,0.3,0.3,0.4,0.4,0.4,0.4,0.4,0.4,0.5,0.5,0.5,0.6,0.5,0.5,0.5,0.5,0.4,0.4,0.4,0.6,0.7,0.8,0.8,0.6,0.6,0.0,0.0
(increase) decrease in inventories,0.7,0.8,0.1,0.2,0.7,1.0,0.2,0.5,0.5,0.5,-0.1,-0.2,-0.2,-0.6,-0.1,0.0,-0.1,-0.5,0.0,0.3,0.5,0.4,0.1,0.4,0.9,0.7,-0.5,-0.4,-0.3,-0.4,-0.2,-0.4,-0.6,-0.6,-0.2,-0.4,-0.3,-0.7,0.3,-0.3,-0.1,-0.4,-0.0,-1.1,-1.6,-1.1,-0.2,-0.3,-0.4,-0.7,-0.9,0.0,-0.5,-1.0,-1.0,-1.6,-3.2,-3.9,-2.2,-2.5,-4.1,-3.5,-0.2,0.2,-0.0,-0.3,0.1,-0.7,-0.9,-1.2,-0.9,-1.4,-2.2,-3.6,-0.9,-1.4,-1.7
(increase) decrease in other current assets,0.9,0.0,-0.1,-0.3,-0.5,-0.3,0.5,0.2,-0.1,0.5,0.0,0.1,0.1,0.0,-0.1,-0.1,-0.2,0.0,-0.2,0.1,0.0,0.2,-0.3,-0.4,-0.3,0.0,-0.5,-0.2,-0.0,0.0,0.0,0.0,0.0,0.0,0.0,0.0,0.0,0.0,0.0,0.0,0.0,0.0,1.5,0.0,1.5,0.0,0.0,0.0,0.0,0.0,0.0,0.0,0.0,0.0,0.0,0.0,0.0,0.0,0.0,0.0,0.0,0.0,0.0,0.0,0.0,0.0,0.0,0.0,0.0,0.0,0.0,0.0,0.0,0.0,0.0,0.0,0.0
(increase) decrease in prepaid expenses,0.0,0.0,0.0,0.0,0.0,0.0,0.0,0.0,0.0,0.0,0.0,0.0,0.0,0.0,0.0,0.0,0.0,0.0,0.0,0.0,0.0,0.0,0.0,0.0,0.0,0.0,0.0,0.0,0.0,0.3,-0.5,-0.3,-0.4,-0.2,-0.4,-0.2,-0.5,-0.0,-0.5,-0.4,-0.6,0.0,-0.5,-0.6,-1.0,0.8,-3.3,-2.1,0.6,-0.5,0.2,2.7,0.6,0.0,2.0,3.1,5.2,1.2,0.7,1.8,2.8,-0.4,0.5,2.3,3.2,1.6,-0.0,1.1,1.3,-1.3,0.3,1.6,2.1,-0.6,-0.0,1.2,2.6
(increase) decrease in receivables,-0.6,0.6,1.3,1.6,1.2,1.8,-0.7,-0.7,0.0,0.3,0.6,0.2,0.4,0.9,-0.5,-1.8,-2.1,-2.5,1.7,0.5,-0.2,1.1,-0.8,-1.7,-1.9,-2.4,-0.2,-1.5,-0.1,-1.2,0.6,-0.2,0.5,-2.8,2.6,0.7,1.5,-0.7,-2.4,-3.9,-3.1,-10.3,3.2,-5.4,-11.5,-23.3,5.4,-9.4,-7.1,-10.7,6.6,-8.3,-2.9,-17.1,2.9,-16.0,-3.5,-23.3,4.7,-6.2,12.7,7.3,17.5,-2.0,10.9,4.4,16.3,2.6,17.8,-25.0,14.7,-5.4,7.6,-17.0,2.2,-18.4,6.7
Basic EPS (Continuing),0.06,-0.03,-0.05,-1.08,0.01,0.05,0.01,-0.11,-1.50,-0.20,0.00,0.06,0.04,0.02,0.01,0.05,0.03,0.04,0.02,0.01,-0.04,0.03,0.01,0.02,0.02,0.05,0.02,0.06,0.05,0.06,0.05,0.08,0.04,0.09,0.08,0.09,0.04,0.09,0.09,0.10,0.07,0.12,0.02,0.09,0.08,0.11,0.04,0.23,0.14,0.24,0.09,0.32,0.14,0.35,0.19,0.43,0.16,0.51,0.27,0.54,0.12,0.30,0.06,0.31,-0.02,0.30,0.20,0.42,0.20,0.56,0.35,0.53,0.10,0.69,0.38,0.69,-0.03
Basic EPS (Cum. Effect of Acct. Change),0.00,0.00,0.00,0.00,0.00,0.00,0.00,0.00,0.00,0.00,0.00,0.00,0.00,0.00,0.00,0.00,0.00,0.00,0.00,0.00,0.00,0.00,0.00,0.00,0.00,0.00,0.00,0.00,0.00,0.00,0.00,0.00,0.00,0.00,0.00,0.00,0.00,0.00,0.00,0.00,0.00,0.00,0.00,0.00,0.00,0.00,0.00,0.00,0.00,0.00,0.00,0.00,0.00,0.00,0.00,0.00,0.00,0.00,0.00,0.00,0.00,0.00,0.00,0.00,0.00,0.00,0.00,0.00,0.00,0.00,0.00,0.00,0.00,0.00,0.00,0.00,0.00
Basic EPS (Discontinued),0.00,-0.21,0.00,0.00,0.00,0.00,0.00,0.00,0.00,0.00,0.00,0.00,0.00,0.00,0.00,0.00,0.00,0.00,0.00,0.00,0.00,0.00,0.00,0.00,0.00,0.00,0.00,0.00,0.00,0.00,0.00,0.00,0.00,0.00,0.00,0.00,0.00,0.00,0.00,0.00,0.00,0.00,0.00,0.00,0.00,0.00,0.00,0.00,0.00,0.00,0.00,0.00,0.00,0.00,0.00,0.00,0.00,0.00,0.00,0.00,0.00,0.00,0.00,0.00,0.00,0.00,0.00,0.00,0.00,0.00,0.00,0.00,0.00,0.00,0.00,0.00,0.00
Basic EPS (Extraordinary Items),0.00,0.00,0.00,0.00,0.00,0.00,0.00,0.00,0.00,0.00,0.00,0.00,0.00,0.00,0.00,0.00,0.00,0.00,0.00,0.00,0.00,0.00,0.00,0.00,0.00,0.00,0.00,0.00,0.00,0.00,0.00,0.00,0.00,0.00,0.00,0.00,0.00,0.00,0.00,0.00,0.00,0.00,0.00,0.00,0.00,0.00,0.00,0.00,0.00,0.00,0.00,0.00,0.00,0.00,0.00,0.00,0.00,0.00,0.00,0.00,0.00,0.00,0.00,0.00,0.00,0.00,0.00,0.00,0.00,0.00,0.00,0.00,0.00,0.00,0.00,0.00,0.00
Basic EPS (Other Gains/Losses),0.00,0.00,0.00,-0.09,0.00,0.00,0.00,0.00,0.00,0.00,0.00,0.00,0.00,0.00,0.00,0.00,0.00,0.00,0.00,0.00,0.00,0.00,0.00,0.00,0.00,0.00,0.00,0.00,0.00,0.00,0.00,0.00,0.00,0.00,0.00,0.00,0.00,0.00,0.00,0.00,0.00,0.00,0.00,0.00,0.00,0.00,0.00,0.00,0.00,0.00,0.00,0.00,0.00,0.00,0.00,0.00,0.00,0.00,0.00,0.00,0.00,0.00,0.00,0.00,0.00,0.00,0.00,0.00,0.00,0.00,0.00,0.00,0.00,0.00,0.00,0.00,0.00
Basic EPS (Tax Loss Carry Forward),0.00,0.00,0.00,0.00,0.00,0.00,0.00,0.00,0.00,0.00,0.00,0.00,0.00,0.00,0.00,0.00,0.00,0.00,0.00,0.00,0.00,0.00,0.00,0.00,0.00,0.00,0.00,0.00,0.00,0.00,0.00,0.00,0.00,0.00,0.00,0.00,0.00,0.00,0.00,0.00,0.00,0.00,0.00,0.00,0.00,0.00,0.00,0.00,0.00,0.00,0.00,0.00,0.00,0.00,0.00,0.00,0.00,0.00,0.00,0.00,0.00,0.00,0.00,0.00,0.00,0.00,0.00,0.00,0.00,0.00,0.00,0.00,0.00,0.00,0.00,0.00,0.00
Close PE Ratio,25.0,0.0,0.0,0.0,0.0,0.0,0.0,0.0,0.0,0.0,0.0,0.0,0.0,11.7,19.5,18.1,15.9,20.6,13.8,17.5,54.2,84.4,0.0,56.3,15.2,12.5,15.0,10.7,9.8,9.0,13.5,13.6,13.9,19.3,15.2,14.4,13.8,15.0,14.2,16.7,17.9,23.1,29.2,32.7,29.9,36.5,35.8,29.7,32.2,27.1,19.1,21.4,23.7,23.9,25.5,29.3,29.3,26.7,30.0,20.4,9.8,12.2,18.2,21.9,29.2,23.9,19.0,23.1,23.8,17.4,17.1,17.7,21.0,16.8,19.3,20.2,26.6
Diluted EPS (Continuing),0.06,-0.03,-0.05,-1.08,0.01,0.05,0.01,-0.11,-1.50,-0.20,0.00,0.06,0.04,0.02,0.01,0.05,0.03,0.04,0.02,0.01,-0.04,0.03,0.01,0.02,0.02,0.05,0.02,0.06,0.04,0.06,0.05,0.08,0.03,0.09,0.07,0.08,0.03,0.09,0.09,0.10,0.06,0.11,0.02,0.08,0.07,0.10,0.03,0.21,0.13,0.22,0.08,0.29,0.13,0.32,0.18,0.40,0.15,0.47,0.25,0.51,0.11,0.28,0.06,0.30,-0.02,0.29,0.20,0.41,0.19,0.53,0.33,0.50,0.10,0.66,0.36,0.66,-0.03
Diluted EPS (Cum. Effect of Acct. Change),0.00,0.00,0.00,0.00,0.00,0.00,0.00,0.00,0.00,0.00,0.00,0.00,0.00,0.00,0.00,0.00,0.00,0.00,0.00,0.00,0.00,0.00,0.00,0.00,0.00,0.00,0.00,0.00,0.00,0.00,0.00,0.00,0.00,0.00,0.00,0.00,0.00,0.00,0.00,0.00,0.00,0.00,0.00,0.00,0.00,0.00,0.00,0.00,0.00,0.00,0.00,0.00,0.00,0.00,0.00,0.00,0.00,0.00,0.00,0.00,0.00,0.00,0.00,0.00,0.00,0.00,0.00,0.00,0.00,0.00,0.00,0.00,0.00,0.00,0.00,0.00,0.00
Diluted EPS (Discontinued),0.00,-0.21,0.00,0.00,0.00,0.00,0.00,0.00,0.00,0.00,0.00,0.00,0.00,0.00,0.00,0.00,0.00,0.00,0.00,0.00,0.00,0.00,0.00,0.00,0.00,0.00,0.00,0.00,0.00,0.00,0.00,0.00,0.00,0.00,0.00,0.00,0.00,0.00,0.00,0.00,0.00,0.00,0.00,0.00,0.00,0.00,0.00,0.00,0.00,0.00,0.00,0.00,0.00,0.00,0.00,0.00,0.00,0.00,0.00,0.00,0.00,0.00,0.00,0.00,0.00,0.00,0.00,0.00,0.00,0.00,0.00,0.00,0.00,0.00,0.00,0.00,0.00
Diluted EPS (Extraordinary),0.00,0.00,0.00,0.00,0.00,0.00,0.00,0.00,0.00,0.00,0.00,0.00,0.00,0.00,0.00,0.00,0.00,0.00,0.00,0.00,0.00,0.00,0.00,0.00,0.00,0.00,0.00,0.00,0.00,0.00,0.00,0.00,0.00,0.00,0.00,0.00,0.00,0.00,0.00,0.00,0.00,0.00,0.00,0.00,0.00,0.00,0.00,0.00,0.00,0.00,0.00,0.00,0.00,0.00,0.00,0.00,0.00,0.00,0.00,0.00,0.00,0.00,0.00,0.00,0.00,0.00,0.00,0.00,0.00,0.00,0.00,0.00,0.00,0.00,0.00,0.00,0.00
Diluted EPS (Other Gains/Losses),0.00,0.00,0.00,-0.09,0.00,0.00,0.00,0.00,0.00,0.00,0.00,0.00,0.00,0.00,0.00,0.00,0.00,0.00,0.00,0.00,0.00,0.00,0.00,0.00,0.00,0.00,0.00,0.00,0.00,0.00,0.00,0.00,0.00,0.00,0.00,0.00,0.00,0.00,0.00,0.00,0.00,0.00,0.00,0.00,0.00,0.00,0.00,0.00,0.00,0.00,0.00,0.00,0.00,0.00,0.00,0.00,0.00,0.00,0.00,0.00,0.00,0.00,0.00,0.00,0.00,0.00,0.00,0.00,0.00,0.00,0.00,0.00,0.00,0.00,0.00,0.00,0.00
Diluted EPS (Tax Loss Carry Forward),0.00,0.00,0.00,0.00,0.00,0.00,0.00,0.00,0.00,0.00,0.00,0.00,0.00,0.00,0.00,0.00,0.00,0.00,0.00,0.00,0.00,0.00,0.00,0.00,0.00,0.00,0.00,0.00,0.00,0.00,0.00,0.00,0.00,0.00,0.00,0.00,0.00,0.00,0.00,0.00,0.00,0.00,0.00,0.00,0.00,0.00,0.00,0.00,0.00,0.00,0.00,0.00,0.00,0.00,0.00,0.00,0.00,0.00,0.00,0.00,0.00,0.00,0.00,0.00,0.00,0.00,0.00,0.00,0.00,0.00,0.00,0.00,0.00,0.00,0.00,0.00,0.00
Dividends Paid Per Share (YTD),0.00,0.00,0.00,0.00,0.00,0.00,0.00,0.00,0.00,0.00,0.00,0.00,0.00,0.00,0.00,0.00,0.00,0.00,0.00,0.00,0.00,0.00,0.00,0.00,0.00,0.00,0.00,0.00,0.00,0.00,0.00,0.00,0.00,0.00,0.00,0.00,0.00,0.00,0.00,0.00,0.00,0.00,0.00,0.00,0.00,0.00,0.00,0.00,0.00,0.00,0.00,0.00,0.00,0.00,0.00,0.00,0.00,0.00,0.00,0.00,0.00,0.00,0.00,0.00,0.00,0.00,0.00,0.00,0.00,0.00,0.00,0.00,0.00,0.00,0.00,0.00,0.00
EPS from Total Operations (YTD),0.18,-0.06,-0.05,-1.13,-1.12,-1.16,0.01,-0.10,-1.59,-1.80,0.00,0.06,0.10,0.08,0.01,0.06,0.08,0.12,0.02,0.03,-0.01,0.02,0.01,0.03,0.05,0.09,0.02,0.07,0.11,0.17,0.05,0.13,0.16,0.24,0.07,0.15,0.18,0.27,0.09,0.18,0.24,0.35,0.02,0.10,0.17,0.27,0.03,0.24,0.36,0.58,0.08,0.37,0.51,0.82,0.18,0.58,0.73,1.20,0.25,0.76,0.88,1.16,0.06,0.36,0.34,0.63,0.20,0.60,0.79,1.32,0.33,0.83,0.93,1.59,0.36,1.03,0.99
High PE Ratio,28.8,0.0,0.0,0.0,0.0,0.0,0.0,0.0,0.0,0.0,0.0,0.0,0.0,16.4,21.9,20.6,18.8,22.4,21.0,29.4,97.9,146.9,0.0,121.9,24.2,21.5,15.9,11.4,12.9,12.1,14.5,14.8,17.0,19.4,18.2,18.2,18.2,18.2,15.6,17.5,17.9,23.6,30.8,35.4,32.9,43.1,42.4,32.4,33.6,29.8,27.4,24.0,26.0,25.2,27.1,34.0,37.7,32.7,31.9,29.3,30.2,34.9,42.1,38.5,34.8,34.2,28.0,24.9,26.3,21.8,19.7,18.5,22.3,21.1,20.7,20.7,27.7
"Income, Restructuring and M&A;",0.0,0.0,0.0,0.0,0.0,0.0,0.0,0.0,0.0,0.0,0.0,0.0,0.0,0.0,0.0,0.0,0.0,0.0,0.0,0.0,0.0,0.0,0.0,0.0,0.0,0.0,0.0,0.0,0.0,0.0,0.0,0.0,0.0,0.0,0.0,0.0,0.0,0.0,0.0,0.0,0.0,0.0,0.0,0.0,0.0,0.0,0.0,0.0,0.0,0.0,0.0,0.0,0.0,0.0,0.0,0.0,0.0,0.0,0.0,0.0,0.0,0.0,0.0,0.0,0.0,0.0,0.0,0.0,0.0,0.0,0.0,0.0,0.0,0.0,0.0,0.0,0.0
LT-Debt as % of Invested Capital,42.8,44.4,32.7,73.0,72.4,73.0,72.0,72.7,78.1,82.6,49.3,47.5,45.8,38.8,28.2,26.9,29.4,27.8,37.8,36.5,39.9,49.0,49.8,48.1,46.4,43.5,43.7,40.5,38.8,35.3,34.7,36.3,32.3,29.8,27.6,25.2,26.8,23.2,25.4,25.0,21.0,28.8,55.4,55.9,54.9,55.0,54.4,46.9,46.0,38.4,38.1,38.7,34.9,36.7,47.6,46.7,47.0,44.5,43.5,42.9,37.9,34.4,29.8,29.7,26.6,22.5,18.5,29.6,26.8,27.1,25.4,25.0,27.9,26.4,25.7,28.1,24.4
LT-Debt as % of Total Debt,27.8,27.3,18.9,79.7,80.3,92.0,91.6,91.8,73.2,89.4,67.1,61.7,63.6,62.8,51.9,52.9,57.3,52.2,66.5,63.0,69.3,77.4,80.4,76.0,73.0,69.3,65.2,61.1,63.5,58.4,56.4,60.3,56.1,52.1,54.2,51.5,59.3,46.7,49.4,48.7,45.5,53.3,73.5,72.4,68.3,63.5,66.6,56.3,63.2,52.3,55.8,56.8,56.6,56.2,66.2,65.5,63.3,60.6,64.8,64.2,62.1,59.3,57.9,60.0,56.6,47.9,45.8,57.3,53.7,50.2,53.7,51.3,57.2,52.4,55.8,53.3,51.8
LT-Debt to Equity Ratio,0.75,0.80,0.49,2.71,2.62,2.70,2.57,2.66,3.57,4.75,0.97,0.90,0.84,0.63,0.39,0.37,0.42,0.38,0.61,0.57,0.66,0.96,0.99,0.93,0.87,0.77,0.78,0.68,0.63,0.55,0.53,0.57,0.48,0.43,0.38,0.34,0.37,0.30,0.34,0.33,0.27,0.40,1.24,1.27,1.22,1.22,1.19,0.88,0.85,0.62,0.61,0.63,0.54,0.58,0.91,0.88,0.89,0.80,0.77,0.75,0.61,0.52,0.42,0.42,0.36,0.29,0.23,0.42,0.37,0.37,0.34,0.33,0.39,0.36,0.35,0.39,0.32
Low PE Ratio,16.3,0.0,0.0,0.0,0.0,0.0,0.0,0.0,0.0,0.0,0.0,0.0,0.0,8.6,8.6,6.9,6.3,6.8,9.8,14.4,47.9,50.0,0.0,50.0,9.4,8.3,7.5,5.4,5.1,4.8,4.1,5.1,5.1,6.3,9.0,11.0,11.5,9.6,8.9,8.3,7.8,11.0,14.1,18.8,19.8,26.1,25.9,18.1,18.2,14.6,16.0,14.2,16.2,14.2,12.8,12.8,15.4,16.3,16.9,13.7,9.6,7.9,9.6,12.2,14.8,21.3,16.4,14.4,11.6,9.6,10.1,12.9,13.7,12.6,12.3,14.0,15.1
Net Income from Total Operations (YTD),0.9,-0.3,-0.2,-5.8,-5.8,-5.9,0.0,-0.5,-8.2,-9.3,0.0,0.3,0.5,0.8,0.1,0.6,0.9,1.4,0.3,0.4,-0.2,0.3,0.0,0.4,0.8,1.5,0.2,1.1,1.8,2.7,0.8,2.0,2.6,3.9,1.1,2.5,3.1,4.4,1.4,2.9,3.9,5.8,0.3,1.7,3.0,4.8,0.5,4.4,6.6,10.6,1.5,7.0,9.4,15.5,3.5,11.3,14.3,23.6,5.0,15.2,17.4,22.9,1.1,7.0,6.5,12.3,3.8,11.9,15.8,26.6,6.8,17.1,19.2,33.1,7.7,0.0,21.1
Normalized Close PE Ratio,25.0,22.2,41.1,0.0,0.0,0.0,0.0,0.0,0.0,0.0,0.0,0.0,0.0,11.7,19.5,18.1,15.9,20.6,13.8,17.5,10.8,15.3,0.0,10.2,15.2,14.1,16.7,12.5,11.3,9.0,13.5,13.6,13.9,17.8,14.1,12.9,12.4,15.0,14.2,16.7,17.9,23.1,29.2,32.7,29.9,36.5,35.8,29.7,32.2,27.1,19.1,21.4,23.7,23.9,25.5,29.3,29.3,26.7,30.0,20.4,9.8,12.2,18.2,21.9,29.2,23.9,19.0,23.1,23.8,17.4,17.1,17.7,21.0,16.8,19.3,20.2,26.6
Normalized High PE Ratio,28.8,28.5,73.2,0.0,0.0,0.0,0.0,0.0,0.0,0.0,0.0,0.0,0.0,16.4,21.9,20.6,18.8,22.4,21.0,29.4,19.6,26.7,0.0,22.2,24.2,24.2,17.7,13.3,14.7,12.1,14.5,14.8,17.0,17.9,16.9,16.3,16.3,18.2,15.6,17.5,17.9,23.6,30.8,35.4,32.9,43.1,42.4,32.4,33.6,29.8,27.4,24.0,26.0,25.2,27.1,34.0,37.7,32.7,31.9,29.3,30.2,34.9,42.1,38.5,34.8,34.2,28.0,24.9,26.3,21.8,19.7,18.5,22.3,21.1,20.7,20.7,27.7
Normalized Low PE Ratio,16.3,18.1,35.7,0.0,0.0,0.0,0.0,0.0,0.0,0.0,0.0,0.0,0.0,8.6,8.6,6.9,6.3,6.8,9.8,14.4,9.6,9.1,0.0,9.1,9.4,9.4,8.3,6.3,5.8,4.8,4.1,5.1,5.1,5.8,8.4,9.9,10.3,9.6,8.9,8.3,7.8,11.0,14.1,18.8,19.8,26.1,25.9,18.1,18.2,14.6,16.0,14.2,16.2,14.2,12.8,12.8,15.4,16.3,16.9,13.7,9.6,7.9,9.6,12.2,14.8,21.3,16.4,14.4,11.6,9.6,10.1,12.9,13.7,12.6,12.3,14.0,15.1
Normalized ROA,0.9,0.8,0.4,-6.4,-6.9,-6.7,-7.2,-0.6,-11.5,-13.4,-33.8,-30.0,-1.9,3.3,3.7,4.4,4.6,5.2,4.2,3.1,3.9,3.3,2.7,3.3,2.8,2.6,3.0,4.0,4.8,5.7,6.9,7.4,7.4,8.4,9.2,9.3,9.5,8.4,8.3,8.3,9.2,7.8,4.0,3.6,3.7,3.3,3.6,5.3,6.1,7.6,8.3,8.7,9.0,9.1,8.2,8.4,8.0,8.4,9.0,9.7,10.1,8.3,7.4,5.4,4.6,4.6,5.9,5.4,6.8,7.5,8.5,8.8,7.8,8.2,8.3,5.0,4.7
Normalized ROCI,1.8,1.7,1.0,-7.6,-8.1,-7.2,-7.7,-0.7,-14.8,-14.7,-42.0,-38.7,-2.3,4.1,4.6,5.5,5.6,6.5,5.0,3.8,4.6,3.8,3.0,3.8,3.3,3.1,3.7,5.0,5.9,7.1,8.8,9.2,9.2,10.6,11.4,11.5,11.2,10.7,10.5,10.4,11.6,9.7,4.8,4.4,4.7,4.4,4.6,7.2,7.7,10.3,10.9,11.2,11.4,11.7,10.3,10.5,10.2,10.9,11.1,12.0,12.4,10.3,9.0,6.5,5.6,5.8,7.2,6.6,8.3,9.5,10.3,10.8,9.5,10.2,10.0,6.3,5.8
Normalized ROE,3.2,3.0,1.5,0.0,0.0,0.0,0.0,0.0,0.0,0.0,0.0,0.0,0.0,6.7,6.4,7.5,7.9,9.0,8.0,5.9,7.6,7.5,6.0,7.3,6.1,5.5,6.5,8.4,9.7,11.0,13.4,14.4,13.6,15.2,15.8,15.4,15.3,13.9,14.0,13.9,14.6,13.7,10.9,10.0,10.4,9.8,10.1,13.6,14.3,16.6,17.5,18.3,17.5,18.4,19.6,19.6,19.3,19.6,19.7,21.0,20.0,15.6,12.8,9.3,7.6,7.4,8.9,9.3,11.4,13.0,13.9,14.5,13.1,13.8,13.5,8.7,7.6
Return on Assets (ROA),0.9,-0.3,-0.7,-7.6,-8.2,-7.4,-6.8,-0.3,-11.1,-13.4,-33.8,-30.0,-1.9,3.3,3.7,4.4,4.6,5.2,4.2,3.1,0.8,0.6,0.0,0.6,2.6,3.1,3.4,4.4,5.3,5.7,6.9,7.4,7.4,7.6,8.5,8.6,8.7,8.4,8.3,8.3,9.2,7.8,4.0,3.6,3.7,3.3,3.6,5.3,6.1,7.6,8.3,8.7,9.0,9.1,8.2,8.4,8.0,8.4,9.0,9.7,10.1,8.3,7.4,5.4,4.6,4.6,5.9,5.4,6.8,7.5,8.5,8.8,7.8,8.2,8.3,5.0,4.7
Return on Capital Invested (ROCI),1.8,-0.6,-1.8,-9.0,-9.6,-7.8,-7.3,-0.3,-14.3,-14.7,-42.0,-38.7,-2.3,4.1,4.6,5.5,5.6,6.5,5.0,3.8,0.9,0.7,0.0,0.7,3.0,3.7,4.2,5.5,6.5,7.1,8.8,9.2,9.2,9.7,10.5,10.6,10.4,10.7,10.5,10.4,11.6,9.7,4.8,4.4,4.7,4.4,4.6,7.2,7.7,10.3,10.8,11.2,11.4,11.7,10.3,10.5,10.2,10.9,11.1,12.0,12.4,10.3,9.0,6.5,5.6,5.8,7.2,6.6,8.3,9.5,10.3,10.8,9.5,10.2,10.0,6.3,5.8
Return on Stock Equity (ROE),3.2,0.0,0.0,0.0,0.0,0.0,0.0,0.0,0.0,0.0,0.0,0.0,0.0,6.7,6.4,7.5,7.9,9.0,8.0,5.9,1.5,1.4,0.0,1.4,5.7,6.5,7.4,9.3,10.6,11.0,13.4,14.4,13.6,13.9,14.5,14.2,14.1,13.9,14.0,13.9,14.6,13.7,10.9,10.0,10.4,9.8,10.1,13.5,14.3,16.6,17.5,18.3,17.5,18.4,19.6,19.6,19.3,19.6,19.7,21.0,20.0,15.6,12.8,9.3,7.6,7.4,8.9,9.3,11.4,13.0,13.9,14.5,13.1,13.8,13.5,8.7,7.6
Revenue (YTD),54.0,71.6,16.5,32.3,48.9,55.7,13.4,26.1,39.1,52.5,10.2,21.4,32.7,43.7,10.2,21.9,33.4,45.5,11.4,25.3,39.7,54.6,15.4,31.7,48.3,66.6,16.8,36.3,55.0,75.6,19.8,41.4,60.5,85.1,22.0,45.2,66.9,91.9,24.9,50.7,75.9,107.7,33.2,85.0,141.3,209.0,57.9,121.2,183.8,259.8,65.7,148.9,222.2,318.3,103.5,225.8,334.6,478.5,123.3,272.1,376.4,497.6,100.9,224.2,328.3,453.9,104.5,237.6,346.5,508.0,141.1,299.4,435.9,623.7,161.5,362.1,513.1
accounts payable,4.3,3.8,1.7,2.6,2.9,0.7,0.6,0.7,0.8,0.8,0.7,1.2,0.9,0.7,0.6,1.1,1.7,1.4,1.2,1.8,1.5,1.1,0.6,1.1,1.8,2.0,2.4,2.6,1.8,2.0,2.2,2.0,2.0,3.0,1.6,1.9,1.5,3.2,4.0,4.7,3.8,4.5,4.0,5.9,9.4,11.2,6.2,8.3,6.6,8.0,7.0,9.9,8.3,10.6,9.1,14.0,15.8,21.5,16.6,20.1,15.8,14.9,12.1,14.6,12.1,19.0,11.9,18.3,14.3,24.4,16.2,17.9,17.0,18.4,14.1,19.5,15.8
accounts receivable,0.0,0.0,0.0,0.0,0.0,0.0,0.0,0.0,0.0,0.0,0.0,0.0,0.0,0.0,0.0,0.0,0.0,0.0,0.0,0.0,0.0,0.0,0.0,0.0,0.0,0.0,13.8,15.0,13.5,14.6,14.0,14.8,14.1,17.3,14.6,16.5,15.7,17.6,20.1,21.5,20.7,27.9,34.9,44.9,49.5,62.3,56.8,68.6,65.4,68.5,61.4,74.9,70.2,84.5,94.0,112.2,105.6,125.6,121.4,135.0,3.6,1.5,1.8,117.7,1.9,109.4,93.2,113.3,3.4,143.1,128.2,145.4,133.9,137.1,128.9,160.5,134.4
accrued expenses,0.0,0.0,0.0,0.0,0.0,0.0,0.0,0.0,0.0,0.0,0.0,0.0,0.0,0.0,0.0,0.0,0.0,0.0,0.0,0.0,0.0,0.0,0.0,0.0,0.0,0.0,0.0,0.0,0.0,0.0,0.0,0.0,0.0,0.0,0.0,0.0,0.0,0.0,0.0,0.0,0.0,0.0,0.0,0.0,0.0,0.0,0.0,0.0,0.0,0.0,0.0,0.0,0.0,0.0,0.0,0.0,0.0,0.0,0.0,0.0,0.0,0.0,0.0,0.0,0.0,0.0,0.0,0.0,0.0,0.0,0.0,0.0,0.0,0.0,0.0,0.0,0.0
accrued liabilities,0.0,0.0,0.0,0.0,0.0,0.0,0.0,0.0,0.0,0.0,0.0,0.0,0.0,0.0,0.0,0.0,0.0,0.0,0.0,0.0,0.0,0.0,0.0,0.0,0.0,0.0,0.0,0.0,0.0,3.5,3.8,3.6,3.7,4.3,4.2,4.8,3.5,5.0,4.0,4.4,4.3,7.0,10.6,11.5,11.5,14.5,13.1,15.6,12.5,16.9,12.1,12.3,15.5,15.9,21.2,20.7,26.2,25.6,22.2,24.3,24.8,23.1,21.4,19.9,22.5,21.8,22.6,25.8,27.7,32.5,27.5,31.0,30.7,36.5,31.5,42.0,36.4
accumulated depreciation,15.4,16.6,16.9,16.2,16.9,11.6,12.0,12.3,12.5,12.2,11.9,12.0,12.2,12.0,11.4,11.6,11.9,11.8,12.1,12.6,13.1,13.6,14.1,14.6,14.7,15.1,14.8,13.5,13.8,14.1,14.6,15.0,15.4,15.7,16.2,16.4,17.2,17.5,18.0,18.5,19.0,19.5,20.5,22.0,23.5,24.5,25.7,23.5,24.9,26.7,29.2,30.7,32.2,34.5,42.1,39.5,41.4,43.5,46.1,47.6,50.6,55.4,58.3,61.7,64.5,62.9,66.0,71.3,75.0,78.2,81.4,83.7,88.0,90.6,95.1,101.9,102.3
acquisitions,0.0,0.0,0.0,0.0,0.0,0.0,0.0,0.0,0.0,0.0,0.0,0.0,0.0,0.0,0.0,0.0,0.0,0.0,0.0,0.0,0.0,0.0,0.0,0.0,0.0,0.0,0.0,0.0,0.0,0.0,0.0,0.0,0.0,0.0,0.0,0.0,0.0,0.0,0.0,0.0,0.0,-5.4,-33.7,-33.7,-33.8,-33.9,-0.2,0.0,0.0,0.0,0.0,0.0,0.0,0.0,-35.4,-34.4,-52.6,-53.3,0.0,0.0,0.0,0.0,0.0,0.0,0.0,0.0,0.0,-41.4,-41.4,-41.4,0.0,-2.3,-19.4,-19.4,-2.7,-18.1,-18.6
additional paid-in capital,0.0,0.0,0.0,0.0,0.0,0.0,0.0,0.0,0.0,0.0,0.0,0.0,0.0,0.0,0.0,0.0,0.0,0.0,0.0,0.0,0.0,32.0,32.1,32.1,32.1,32.1,32.1,32.1,32.2,32.3,31.7,31.9,31.9,33.0,33.5,33.7,33.8,34.1,34.2,34.4,34.7,39.1,39.7,40.1,40.3,40.7,41.4,42.0,43.8,44.7,45.2,46.5,48.2,49.2,46.2,48.6,50.4,55.3,59.6,61.0,61.9,63.1,64.7,66.4,67.8,69.4,70.5,75.5,76.4,77.9,79.4,80.9,83.9,85.8,87.5,91.7,98.4
adjustments to revenue,0.0,0.0,0.0,0.0,0.0,0.0,0.0,0.0,0.0,0.0,0.0,0.0,0.0,0.0,0.0,0.0,0.0,0.0,0.0,0.0,0.0,0.0,0.0,0.0,0.0,0.0,0.0,0.0,0.0,0.0,0.0,0.0,0.0,0.0,0.0,0.0,0.0,0.0,0.0,0.0,0.0,0.0,0.0,0.0,0.0,0.0,0.0,0.0,0.0,0.0,0.0,0.0,0.0,0.0,0.0,0.0,0.0,0.0,0.0,0.0,0.0,0.0,0.0,0.0,0.0,0.0,0.0,0.0,0.0,0.0,0.0,0.0,0.0,0.0,0.0,0.0,0.0
advertising,0.0,0.0,0.0,0.0,0.0,0.0,0.0,0.0,0.0,0.0,0.0,0.0,0.0,0.0,0.0,0.0,0.0,0.0,0.0,0.0,0.0,0.0,0.0,0.0,0.0,0.0,0.0,0.0,0.0,0.0,0.0,0.0,0.0,0.0,0.0,0.0,0.0,0.0,0.0,0.0,0.0,0.0,0.0,0.0,0.0,0.0,0.0,0.0,0.0,0.0,0.0,0.0,0.0,0.0,0.0,0.0,0.0,0.0,0.0,0.0,0.0,0.0,0.0,0.0,0.0,0.0,0.0,0.0,0.0,0.0,0.0,0.0,0.0,0.0,0.0,0.0,0.0
amortization,0.0,0.0,0.0,0.0,0.0,0.0,0.0,0.0,0.0,0.0,0.0,0.0,0.0,0.0,0.0,0.0,0.0,0.0,0.0,0.0,0.0,0.0,0.0,0.0,0.0,0.0,0.0,0.0,0.0,0.0,0.0,0.0,0.0,0.0,0.0,0.0,0.0,0.0,0.0,0.0,0.0,0.0,0.0,0.0,0.0,0.0,0.1,0.2,0.3,0.4,0.1,0.2,0.3,0.4,0.1,0.1,0.2,0.3,0.1,0.0,0.2,0.2,0.1,0.2,0.2,0.3,0.1,0.2,0.2,0.3,0.1,0.1,0.2,0.3,0.1,0.1,0.2
amortization of intangibles,0.0,0.0,0.0,0.0,0.0,0.0,0.0,0.0,0.0,0.0,0.0,0.0,0.0,0.0,0.0,0.0,0.0,0.0,0.0,0.0,0.0,0.0,0.0,0.0,0.0,0.0,0.0,0.0,0.0,0.0,0.0,0.0,0.0,0.0,0.0,0.0,0.0,0.0,0.0,0.0,0.0,0.0,0.0,0.0,0.0,0.0,0.0,0.0,0.0,0.0,0.0,0.0,0.0,0.0,0.0,0.0,0.0,0.0,0.0,0.0,0.0,0.0,0.0,0.0,0.0,0.0,0.0,0.0,0.0,0.0,0.0,0.0,0.0,0.0,0.0,0.0,0.0
asset turnover,0.8,0.9,0.9,0.9,0.7,0.6,0.7,0.7,0.7,0.7,0.9,0.9,0.9,0.9,1.7,1.7,1.7,1.8,1.5,1.5,1.6,1.5,1.4,1.4,1.4,1.4,1.4,1.4,1.5,1.6,1.6,1.6,1.7,1.7,1.8,1.8,1.9,1.8,1.8,1.8,1.9,1.7,1.4,1.5,1.9,1.9,1.8,1.9,1.9,1.8,1.9,2.0,2.1,2.0,2.0,2.0,2.1,2.1,2.0,2.0,2.0,1.8,1.8,1.6,1.7,1.7,1.8,1.6,1.6,1.6,1.8,1.7,1.7,1.6,1.7,1.6,1.7
auditor name,None,None,None,None,None,None,None,None,None,None,None,None,None,None,None,None,None,None,None,None,None,None,None,None,None,None,None,None,None,None,None,None,None,None,None,None,None,None,None,None,None,None,None,None,None,None,None,None,None,None,None,None,None,None,None,None,None,None,None,None,None,None,None,None,None,None,None,None,None,None,None,None,None,None,None,None,None
auditor report,None,None,None,None,None,None,None,None,None,None,None,None,None,None,None,None,None,None,None,None,None,None,None,None,None,None,None,None,None,None,None,None,None,None,None,None,None,None,None,None,None,None,None,None,None,None,None,None,None,None,None,None,None,None,None,None,None,None,None,None,None,None,None,None,None,None,None,None,None,None,None,None,None,None,None,None,None
basic earnings indicator,N,N,N,N,N,N,N,N,N,N,Y,Y,Y,Y,Y,Y,Y,Y,Y,Y,Y,Y,Y,Y,Y,Y,Y,Y,Y,Y,Y,Y,Y,Y,Y,Y,Y,Y,Y,Y,Y,Y,Y,Y,Y,Y,Y,Y,Y,Y,Y,Y,Y,Y,Y,Y,Y,Y,Y,Y,Y,Y,Y,Y,Y,Y,Y,Y,Y,Y,Y,Y,Y,Y,Y,Y,Y
book value per share,5.44,5.10,5.06,3.88,3.90,3.93,3.95,3.84,2.34,2.13,2.15,2.21,2.25,1.14,1.18,1.22,1.25,1.28,1.33,1.34,1.31,1.30,1.31,1.33,1.35,1.39,1.40,1.46,1.50,1.57,1.61,1.54,1.69,1.84,1.90,1.98,2.00,2.08,2.16,2.27,2.32,2.63,2.66,2.80,2.86,2.97,3.02,3.27,3.46,3.70,3.83,4.14,4.30,4.71,4.96,5.53,5.72,6.50,6.76,6.96,7.08,7.78,7.91,8.39,8.38,8.70,8.90,9.57,9.69,10.50,10.87,11.20,11.51,12.08,12.61,13.37,13.43
building and improvements,0.0,0.0,0.0,0.0,0.0,0.0,0.0,0.0,0.0,0.0,0.0,0.0,0.0,0.0,0.0,0.0,0.0,0.0,0.0,0.0,0.0,0.0,0.0,0.0,0.0,0.0,0.0,0.0,0.0,0.0,0.0,0.0,0.0,0.0,0.0,0.0,0.0,0.0,0.0,0.0,0.0,0.0,0.0,0.0,0.0,0.0,0.0,0.0,0.0,6.3,6.7,6.8,7.0,7.1,7.4,7.4,7.6,7.6,7.6,7.7,7.7,7.9,7.9,8.0,8.3,8.3,8.3,8.5,8.4,9.4,9.4,9.5,9.6,15.1,15.4,17.0,18.0
capital lease obligations,0.0,0.0,0.0,0.0,0.0,0.0,0.0,0.0,0.0,0.0,0.0,0.0,0.0,0.0,0.0,0.0,0.0,0.0,0.0,0.0,0.0,0.0,0.0,0.0,0.0,0.0,0.0,0.0,0.0,0.0,0.0,0.0,0.0,0.0,0.0,0.0,0.0,0.0,0.0,0.0,0.0,0.0,0.0,0.0,0.0,0.0,0.0,0.0,0.0,0.0,0.0,0.0,0.0,0.0,0.0,0.0,0.0,0.0,0.0,0.0,0.0,0.0,0.0,0.0,0.0,0.0,0.0,0.0,0.0,0.0,0.0,0.0,0.0,0.0,0.0,0.0,0.0
cash as % of revenue,3.7,5.2,3.7,3.4,3.5,5.7,3.9,3.4,5.3,3.8,2.6,4.2,2.8,3.9,2.7,2.0,2.9,3.1,4.1,2.0,0.6,1.8,1.0,0.8,1.1,0.5,1.2,1.4,0.9,1.3,1.3,2.0,0.9,1.0,2.1,0.7,0.6,0.9,0.8,1.2,0.9,1.9,4.8,3.1,2.1,1.9,1.1,1.1,1.4,1.0,1.6,1.6,1.6,1.4,2.0,1.5,2.8,1.4,1.7,1.8,3.3,2.5,2.9,1.5,3.2,2.8,3.7,3.1,4.8,2.8,3.9,3.3,4.6,3.6,3.5,5.0,5.2
cash at beginning of period,1.7,1.7,3.7,3.7,3.7,3.7,3.2,3.2,3.2,3.2,2.0,2.0,2.0,2.0,1.7,1.7,1.7,1.7,1.4,1.4,1.4,1.4,1.0,1.0,1.0,1.0,0.3,0.3,0.3,0.3,1.0,1.0,1.0,1.0,0.8,0.8,0.8,0.8,0.9,0.9,0.9,0.9,2.0,2.0,2.0,2.0,4.0,4.0,4.0,4.0,2.6,2.6,2.6,2.6,4.3,4.3,4.3,4.3,6.6,6.6,6.6,6.6,12.6,12.6,12.6,12.6,12.6,12.6,12.6,12.6,14.1,14.1,14.1,14.1,22.5,22.5,22.5
cash end of period,0.0,0.0,0.0,0.0,0.0,0.0,0.0,0.0,0.0,0.0,0.0,0.0,0.0,0.0,0.0,0.0,0.0,0.0,0.0,0.0,0.0,1.0,0.6,0.5,0.7,0.3,0.8,1.0,0.7,1.0,1.0,1.6,0.7,0.8,1.8,0.6,0.5,0.9,0.8,1.1,0.9,2.0,5.5,4.4,3.7,4.0,2.6,2.9,3.5,2.6,4.5,4.7,4.8,4.3,7.3,5.8,12.1,6.6,8.5,9.3,17.2,12.6,13.6,6.9,14.2,12.6,17.1,14.3,22.6,14.1,21.3,18.7,27.5,22.5,22.7,34.5,36.4
cash flow,3.9,4.0,4.1,-1.3,-1.2,-1.9,-1.3,3.3,-4.7,-5.9,-6.3,-6.1,1.3,2.2,2.3,2.5,2.6,2.9,3.1,3.0,2.4,2.5,2.6,3.0,4.0,4.4,4.6,5.1,5.4,5.5,6.0,6.3,6.2,6.6,6.9,7.0,6.9,7.0,7.2,7.4,7.9,8.7,8.1,9.3,10.7,11.1,11.9,13.9,14.7,17.4,18.3,20.4,21.0,23.7,26.4,29.5,31.1,35.2,37.3,39.9,39.3,35.2,31.4,27.2,24.6,25.1,27.9,30.5,35.8,41.5,45.5,48.6,47.1,50.8,52.0,42.6,40.2
cash flow per share,0.76,0.78,0.79,-0.25,-0.23,-0.37,-0.25,0.64,-0.91,-1.14,-1.22,-1.18,0.25,0.21,0.19,0.21,0.21,0.24,0.21,0.20,0.16,0.15,0.16,0.18,0.24,0.27,0.28,0.32,0.34,0.35,0.39,0.38,0.40,0.43,0.45,0.45,0.45,0.46,0.48,0.48,0.51,0.54,0.50,0.57,0.65,0.67,0.71,0.83,0.86,1.01,1.06,1.17,1.18,1.33,1.46,1.61,1.68,1.89,1.98,2.12,2.09,1.87,1.66,1.44,1.30,1.32,1.48,1.58,1.84,2.13,2.32,2.47,2.38,2.56,2.61,2.10,1.96
cash from discontinued financing activities,0.0,0.0,0.0,0.0,0.0,0.0,0.0,0.0,0.0,0.0,0.0,0.0,0.0,0.0,0.0,0.0,0.0,0.0,0.0,0.0,0.0,0.0,0.0,0.0,0.0,0.0,0.0,0.0,0.0,0.0,0.0,0.0,0.0,0.0,0.0,0.0,0.0,0.0,0.0,0.0,0.0,0.0,0.0,0.0,0.0,0.0,0.0,0.0,0.3,0.3,0.0,0.0,0.0,0.0,0.0,0.0,0.0,0.0,0.0,0.0,0.0,0.0,0.0,0.0,0.0,0.0,0.0,0.0,0.0,0.0,0.0,0.0,0.0,0.0,0.0,0.0,0.0
cash from discontinued investing activities,0.0,0.0,0.0,0.0,0.0,0.0,0.0,0.0,0.0,0.0,0.0,0.0,0.0,0.0,0.0,0.0,0.0,0.0,0.0,0.0,0.0,0.0,0.0,0.0,0.0,0.0,0.0,0.0,0.0,0.0,0.0,0.0,0.0,0.0,0.0,0.0,0.0,0.0,0.0,0.0,0.0,0.0,0.0,0.0,0.0,0.0,0.0,0.0,-0.2,-0.2,0.0,0.0,0.0,0.0,0.0,0.0,0.0,0.0,0.0,0.0,0.0,0.0,0.0,0.0,0.0,0.0,0.0,0.0,0.0,0.0,0.0,0.0,0.0,0.0,0.0,0.0,0.0
cash per share,0.50,0.72,0.50,0.45,0.45,0.62,0.45,0.37,0.54,0.39,0.25,0.39,0.25,0.16,0.10,0.07,0.11,0.12,0.13,0.07,0.02,0.06,0.04,0.03,0.04,0.02,0.05,0.06,0.04,0.06,0.07,0.10,0.05,0.05,0.12,0.04,0.03,0.06,0.05,0.08,0.06,0.13,0.34,0.27,0.22,0.24,0.15,0.17,0.21,0.15,0.26,0.27,0.27,0.24,0.40,0.32,0.65,0.36,0.45,0.49,0.91,0.67,0.72,0.37,0.75,0.66,0.90,0.74,1.16,0.72,1.09,0.95,1.39,1.13,1.14,1.70,1.78
common par,0.0,0.0,0.0,0.0,0.0,0.0,0.0,0.0,0.0,0.0,0.0,0.0,0.0,0.0,0.0,0.0,0.0,0.0,0.0,0.0,0.0,2.5,2.5,2.5,2.5,2.5,2.5,2.5,2.5,2.5,2.5,2.5,2.5,2.5,2.5,2.6,2.6,2.6,2.6,2.6,2.6,2.7,2.7,2.8,2.8,2.8,2.8,2.8,2.9,2.9,2.9,2.9,3.0,3.0,5.4,5.5,5.5,5.6,5.6,5.6,5.7,5.7,5.7,5.7,5.7,5.7,5.7,5.8,5.9,5.9,5.9,5.9,6.0,6.0,6.0,6.1,6.2
common stock equity,28.1,26.3,26.1,20.0,20.1,20.3,20.4,19.8,12.1,11.0,11.1,11.4,11.6,12.0,14.0,14.7,15.1,15.6,19.9,20.2,19.7,21.3,21.5,21.9,22.2,23.0,22.9,23.6,23.6,24.8,24.7,25.5,25.9,28.2,29.3,30.8,31.0,31.7,32.9,34.6,35.9,42.3,43.1,45.6,46.8,48.9,50.3,54.8,59.0,63.9,66.4,72.5,76.6,84.2,89.5,101.2,105.5,120.8,127.2,131.0,133.3,146.5,149.5,158.9,158.9,165.2,168.2,184.1,188.6,204.5,213.0,220.4,227.9,239.9,251.3,270.6,275.3
construction in progress,0.0,0.0,0.0,0.0,0.0,0.0,0.0,0.0,0.0,0.0,0.0,0.0,0.0,0.0,0.0,0.0,0.0,0.0,0.0,0.0,0.0,0.0,0.0,0.0,0.0,0.0,0.0,0.0,0.0,0.0,0.0,0.0,0.0,0.0,0.0,0.0,0.0,0.0,0.0,0.0,0.0,0.0,0.0,0.0,0.0,0.0,0.0,0.0,0.0,0.0,1.7,1.8,0.9,0.6,1.3,6.6,6.5,8.6,8.3,8.6,9.9,8.1,8.5,8.5,8.7,8.1,8.9,9.4,9.2,8.6,4.5,6.1,6.9,1.9,2.5,4.0,4.8
cost in excess,0.0,0.0,0.0,0.0,0.0,0.0,0.0,0.0,0.0,0.0,0.0,0.0,0.0,0.0,0.0,0.0,0.0,0.0,0.0,0.0,0.0,0.0,0.0,0.0,0.0,0.0,0.0,0.0,0.0,0.0,0.0,0.0,0.0,0.0,0.0,10.0,0.0,0.0,0.0,0.0,0.0,0.0,0.0,0.0,0.0,0.0,0.0,0.0,26.5,26.5,26.5,26.5,26.5,26.5,51.4,51.3,62.7,62.9,58.3,52.8,52.0,56.5,56.6,57.9,56.8,55.7,55.8,101.9,103.1,89.5,89.6,86.8,99.3,95.0,95.6,103.6,104.8
cost of sales,8.5,7.7,7.7,7.4,7.9,1.4,6.1,6.1,5.9,6.0,5.3,6.0,6.0,5.9,5.7,6.3,6.3,6.2,6.1,7.5,7.9,8.0,8.1,8.4,9.1,9.8,9.4,10.9,10.7,11.3,11.0,11.9,10.5,13.6,12.4,12.9,12.8,14.2,14.1,14.9,14.5,18.5,20.6,32.1,35.2,43.4,37.3,42.1,39.9,46.8,42.3,50.8,47.1,59.8,68.8,77.7,72.1,92.6,81.2,95.7,71.0,80.2,68.5,80.8,72.3,83.6,69.8,86.0,73.8,106.5,92.4,103.6,95.2,119.7,107.3,133.0,107.2
cost of sales with depreciation,8.5,7.7,7.7,7.4,7.9,1.4,6.1,6.1,5.9,6.0,5.3,6.0,6.0,5.9,5.7,6.3,6.3,6.2,6.1,7.5,7.9,8.0,8.1,8.4,9.1,9.8,10.2,11.6,11.3,11.9,11.6,12.6,11.2,14.3,13.0,13.6,13.3,14.8,14.8,15.6,15.2,19.4,21.8,34.0,37.0,44.8,39.0,43.6,41.6,48.6,43.9,52.8,49.2,62.3,71.2,80.5,75.2,96.0,84.2,98.7,74.3,83.3,71.5,83.8,75.6,86.9,73.0,89.4,78.1,110.4,96.6,107.8,99.9,124.3,112.0,138.2,112.1
cumulative translation adjustments,0.0,0.0,0.0,0.0,0.0,0.0,0.0,0.0,0.0,0.0,0.0,0.0,0.0,0.0,0.0,0.0,0.0,0.0,0.0,0.0,0.0,0.0,0.0,0.0,0.0,0.0,0.0,0.0,0.0,0.0,0.0,0.0,0.0,0.0,0.0,0.0,0.0,0.0,0.0,0.0,0.0,0.0,0.0,0.0,0.0,0.0,0.0,0.0,0.0,0.0,0.0,0.0,0.0,0.0,0.0,0.0,0.0,0.0,0.0,0.0,0.0,0.0,0.0,0.0,0.0,0.0,0.0,0.0,0.0,0.0,0.0,0.0,0.0,0.0,0.0,0.0,0.0
current assets per share,5.64,5.08,4.57,4.24,4.24,3.80,3.64,3.57,3.59,3.26,3.00,3.22,3.06,1.52,1.37,1.42,1.49,1.53,1.40,1.37,1.37,1.32,1.34,1.38,1.37,1.38,1.51,1.58,1.48,1.56,1.61,1.59,1.63,1.83,1.75,1.80,1.77,1.93,2.11,2.25,2.14,2.56,3.50,4.05,4.29,4.91,4.66,5.14,4.88,4.91,4.82,5.37,5.01,6.02,6.66,7.45,7.42,8.45,8.46,9.00,7.98,8.32,7.42,7.95,7.59,7.92,7.29,8.13,7.91,9.77,9.24,9.98,9.87,11.01,10.90,12.61,11.42
current defered income taxes,0.0,0.0,0.0,0.0,0.0,0.0,0.0,0.0,0.0,0.0,0.0,0.0,0.0,0.0,0.0,0.0,0.0,0.0,0.0,0.0,0.0,0.0,0.0,0.0,0.0,0.0,0.0,0.0,0.0,0.5,0.0,0.0,0.0,0.7,0.0,0.0,0.0,0.8,0.0,0.0,0.0,0.9,0.0,0.0,0.0,1.1,1.1,1.1,1.1,0.8,0.6,0.5,0.5,0.0,0.0,0.0,0.0,0.7,1.1,0.8,0.7,0.9,0.9,0.9,1.2,2.6,1.9,2.8,2.3,3.8,1.8,3.5,3.1,5.2,3.1,4.8,4.7
current deferred income taxes,0.0,0.0,0.0,0.0,0.0,0.0,0.0,0.0,0.0,0.0,0.0,0.0,0.0,0.0,0.0,0.0,0.0,0.0,0.0,0.0,0.0,0.0,0.0,0.0,0.0,0.0,0.0,0.0,0.0,0.0,0.0,0.0,0.0,0.0,0.0,0.0,0.0,0.0,0.0,0.0,0.0,0.0,0.0,0.0,0.0,0.0,0.0,0.0,0.0,0.0,0.0,0.0,0.0,1.2,0.6,0.3,0.0,0.0,0.0,0.0,0.0,0.0,0.0,0.0,0.0,0.0,0.0,0.0,0.0,0.0,0.1,0.0,0.0,0.0,0.0,0.0,0.1
current liabilities per share,2.81,2.60,2.58,2.67,2.50,0.93,0.93,0.91,3.06,1.20,1.03,1.24,1.09,0.43,0.43,0.40,0.39,0.45,0.41,0.45,0.38,0.35,0.30,0.38,0.42,0.47,0.47,0.53,0.44,0.51,0.56,0.49,0.53,0.61,0.51,0.53,0.42,0.64,0.67,0.72,0.67,0.84,1.10,1.26,1.52,1.94,1.64,2.11,1.56,2.06,1.81,1.97,1.74,2.09,2.26,2.46,2.79,3.05,2.52,2.77,2.52,2.48,2.10,2.01,1.88,2.26,1.95,2.36,2.17,3.07,2.39,2.72,2.47,3.10,2.64,3.34,2.70
current ratio,2.0,2.0,1.8,1.6,1.7,4.1,3.9,3.9,1.2,2.7,2.9,2.6,2.8,3.6,3.2,3.6,3.8,3.4,3.4,3.0,3.6,3.7,4.4,3.7,3.3,2.9,3.2,3.0,3.3,3.1,2.9,3.3,3.1,3.0,3.4,3.4,4.2,3.0,3.1,3.1,3.2,3.0,3.2,3.2,2.8,2.5,2.8,2.4,3.1,2.4,2.7,2.7,2.9,2.9,3.0,3.0,2.7,2.8,3.4,3.3,3.2,3.3,3.5,4.0,4.0,3.5,3.7,3.4,3.6,3.2,3.9,3.7,4.0,3.5,4.1,3.8,4.2
decrease (increase) in other current liabilities,-0.1,-0.1,-0.3,-1.3,-1.9,-3.2,0.2,-0.1,1.1,0.7,-0.7,-0.1,-0.5,0.1,0.6,0.0,-0.8,0.4,-0.1,0.0,-1.0,-1.4,-0.2,0.4,-0.2,0.4,-0.4,0.2,-0.5,0.4,0.2,-0.1,0.1,0.8,-0.1,-0.0,-1.3,0.2,-0.2,-0.0,0.1,2.8,-1.7,-1.4,-0.7,2.8,-1.5,2.6,-1.3,6.5,-6.2,-5.2,-3.0,-5.8,3.9,4.1,7.4,3.0,-3.5,-1.3,0.4,0.6,-2.0,-1.5,0.1,3.4,0.8,-0.1,-2.5,7.8,-4.7,0.9,-4.8,8.9,-4.4,3.2,-10.2
decrease (increase) in other working capital,0.0,0.0,0.0,0.0,0.0,0.0,0.0,0.0,0.0,0.0,0.0,0.0,0.0,0.0,0.0,0.0,0.0,0.0,0.0,0.0,0.0,0.0,0.0,0.0,0.0,0.0,0.0,0.0,0.0,0.0,0.0,0.0,0.0,0.0,0.0,0.0,0.0,0.0,0.0,0.0,0.0,0.0,0.0,0.0,0.0,0.0,0.0,0.0,0.0,0.0,0.0,0.0,0.0,0.0,0.0,0.0,0.0,0.0,0.0,0.0,-1.0,0.0,0.0,0.0,0.0,0.0,0.0,0.0,0.0,0.0,0.0,0.0,0.0,0.0,0.0,0.0,0.0
decrease (increase) in payables,-1.5,-2.8,-2.1,-1.2,-0.9,-3.1,-0.1,0.0,0.0,0.1,-0.1,0.3,0.1,-0.1,-0.1,0.3,1.0,0.7,-0.4,0.2,-0.1,-0.6,-0.5,0.0,0.7,0.9,0.4,0.6,-0.2,-0.0,0.3,0.0,0.0,1.0,-1.4,-1.1,-1.4,0.2,0.8,1.5,0.6,1.3,-2.1,-0.3,3.2,5.1,-5.0,-2.2,-3.9,-3.5,-1.0,1.7,0.3,2.6,-4.7,0.1,0.1,5.8,-4.9,-1.4,-5.0,-6.5,-2.8,-0.5,-2.7,4.3,-7.1,-2.1,-6.5,3.6,-8.1,-6.1,-7.2,-6.0,-4.4,0.2,-3.5
deferred income taxes,0.0,-0.1,0.0,-1.8,-1.8,-0.4,0.0,0.0,-0.7,-1.9,0.0,0.0,0.4,0.4,0.0,0.3,0.6,0.6,0.0,0.0,-0.3,0.3,0.0,0.0,0.0,0.1,0.0,0.0,0.0,0.1,0.0,0.0,0.0,-0.0,0.0,0.0,0.0,0.3,0.0,0.0,0.0,0.3,0.0,0.0,0.0,0.7,0.0,0.5,0.9,-0.5,0.4,-0.6,0.1,2.1,-0.6,0.0,1.1,2.3,-0.8,-3.3,1.7,2.4,0.3,0.3,1.2,-0.8,0.1,-1.3,0.6,-1.4,2.5,2.0,2.1,-0.7,1.2,2.0,5.5
deferred revenues,0.0,0.0,0.0,0.0,0.0,0.0,0.0,0.0,0.0,0.0,0.0,0.0,0.0,0.0,0.0,0.0,0.0,0.0,0.0,0.0,0.0,0.0,0.0,0.0,0.0,0.0,0.0,0.0,0.0,0.0,0.0,0.0,0.0,0.0,0.0,0.0,0.0,0.0,0.0,0.0,0.0,0.0,0.0,0.0,0.0,0.0,0.0,0.0,0.0,0.0,0.0,0.0,0.0,0.0,0.0,0.0,0.0,0.0,0.0,0.0,0.0,0.0,0.0,0.0,0.0,0.0,0.0,0.0,0.0,0.0,0.0,0.0,0.0,0.0,0.0,0.0,0.0
depreciation,2.3,4.3,1.2,2.4,3.5,4.0,0.9,1.8,2.7,3.4,0.4,0.7,1.1,1.4,0.4,0.7,1.1,1.5,0.4,1.0,1.7,2.2,0.8,1.5,2.2,3.0,0.8,1.5,2.2,2.8,0.7,1.4,2.0,2.7,0.6,1.3,1.9,2.6,0.7,1.3,2.0,2.9,1.2,3.1,4.9,6.3,1.6,3.0,4.6,6.3,1.6,3.4,5.4,7.8,2.3,4.9,8.0,11.3,2.9,5.9,9.0,12.1,3.0,6.0,9.2,12.5,3.1,6.4,10.7,14.6,4.1,8.3,12.9,17.5,4.6,9.7,14.5
depreciation (unrecognized),0.8,2.0,1.2,1.4,1.2,0.5,0.9,0.9,0.9,0.7,0.4,0.3,0.4,0.3,0.4,0.3,0.4,0.4,0.4,0.6,0.7,0.5,0.8,0.7,0.7,0.7,0.0,0.0,0.0,0.0,0.0,0.0,0.0,0.0,0.0,0.0,0.0,0.0,0.0,0.0,0.0,0.0,0.0,0.0,0.0,0.0,0.0,0.0,0.0,0.0,0.0,0.0,0.0,0.0,0.0,0.0,0.0,0.0,0.0,0.0,0.0,0.0,0.0,0.0,0.0,0.0,0.0,0.0,0.0,0.0,0.0,0.0,0.0,0.0,0.0,0.0,0.0
domestic sales,0.0,0.0,0.0,0.0,0.0,0.0,0.0,0.0,0.0,0.0,0.0,0.0,0.0,0.0,0.0,0.0,0.0,0.0,0.0,0.0,0.0,0.0,0.0,0.0,0.0,0.0,0.0,0.0,0.0,0.0,0.0,0.0,0.0,0.0,0.0,0.0,0.0,0.0,0.0,0.0,0.0,0.0,0.0,0.0,0.0,0.0,0.0,0.0,0.0,0.0,0.0,0.0,0.0,0.0,0.0,0.0,0.0,0.0,0.0,0.0,0.0,0.0,0.0,0.0,0.0,0.0,0.0,0.0,0.0,0.0,0.0,0.0,0.0,0.0,0.0,0.0,0.0
earnings from equity interest,0.0,0.0,0.0,0.0,0.0,0.0,0.0,0.0,0.0,0.0,0.0,0.0,0.0,0.0,0.0,0.0,0.0,0.0,0.0,0.0,0.0,0.0,0.0,0.0,0.0,0.0,0.0,0.0,0.0,0.0,0.0,0.0,0.0,0.0,0.0,0.0,0.0,0.0,0.0,0.0,0.0,0.0,0.0,0.0,0.0,0.0,0.0,0.0,0.0,0.0,0.0,0.0,0.0,0.0,0.0,0.0,0.0,0.0,0.3,0.4,0.0,1.0,0.0,0.0,0.0,0.0,0.0,0.0,0.0,0.0,0.0,0.0,0.1,-0.9,0.0,0.0,0.0
earnings period indicator,N,F,Q,S,N,F,Q,S,N,F,Q,S,N,F,Q,S,N,F,Q,S,N,F,Q,S,N,F,Q,S,N,F,Q,S,N,F,Q,S,N,F,Q,S,N,F,Q,S,N,F,Q,S,N,F,Q,S,N,F,Q,S,N,F,Q,S,N,F,Q,S,N,F,Q,S,N,F,Q,S,N,F,Q,S,N
effect exchange rate changes,0.0,0.0,0.0,0.0,0.0,0.0,0.0,0.0,0.0,0.0,0.0,0.0,0.0,0.0,0.0,0.0,0.0,0.0,0.0,0.0,0.0,0.0,0.0,0.0,0.0,0.0,0.0,0.0,0.0,0.0,0.0,0.0,0.0,0.0,0.0,0.0,0.0,0.0,0.0,0.0,0.0,0.0,0.0,0.0,0.0,0.0,0.0,0.0,0.0,0.0,0.0,0.0,0.0,0.0,0.3,0.9,1.7,2.7,-1.3,-6.4,-1.3,-1.9,-0.3,0.3,-1.4,-2.1,0.1,0.2,0.5,0.8,0.0,-0.6,-0.3,-1.3,0.2,0.2,-0.1
effective tax rate,0.0,0.0,41.7,0.0,0.0,0.0,0.0,4.7,0.0,0.0,0.0,0.0,0.0,0.0,0.0,0.0,0.0,0.0,42.9,43.5,0.0,0.0,0.0,0.0,42.5,41.4,41.9,41.2,35.3,35.0,35.5,34.2,38.9,38.4,38.4,38.4,38.5,38.4,38.5,38.0,38.0,37.4,37.0,37.4,36.6,40.6,40.6,39.6,40.1,38.9,39.4,40.3,40.3,40.6,40.7,40.1,40.2,40.0,39.8,40.0,39.2,37.1,23.7,16.5,13.1,39.9,40.0,40.3,33.1,33.7,33.8,33.3,37.6,37.0,36.9,36.8,37.0
excise taxes,0.0,0.0,0.0,0.0,0.0,0.0,0.0,0.0,0.0,0.0,0.0,0.0,0.0,0.0,0.0,0.0,0.0,0.0,0.0,0.0,0.0,0.0,0.0,0.0,0.0,0.0,0.0,0.0,0.0,0.0,0.0,0.0,0.0,0.0,0.0,0.0,0.0,0.0,0.0,0.0,0.0,0.0,0.0,0.0,0.0,0.0,0.0,0.0,0.0,0.0,0.0,0.0,0.0,0.0,0.0,0.0,0.0,0.0,0.0,0.0,0.0,0.0,0.0,0.0,0.0,0.0,0.0,0.0,0.0,0.0,0.0,0.0,0.0,0.0,0.0,0.0,0.0
extraordinary gains,0.0,0.0,0.0,0.0,0.0,0.0,0.0,0.0,0.0,0.0,0.0,0.0,0.0,0.0,0.0,0.0,0.0,0.0,0.0,0.0,0.0,0.0,0.0,0.0,0.0,0.0,0.0,0.0,0.0,0.0,0.0,0.0,0.0,0.0,0.0,0.0,0.0,0.0,0.0,0.0,0.0,0.0,0.0,0.0,0.0,0.0,0.0,0.0,0.0,0.0,0.0,0.0,0.0,0.0,0.0,0.0,0.0,0.0,0.0,0.0,0.0,0.0,0.0,0.0,0.0,0.0,0.0,0.0,0.0,0.0,0.0,0.0,0.0,0.0,0.0,0.0,0.0
extraordinary income/losses,0.0,0.0,0.0,0.0,0.0,0.0,0.0,0.0,0.0,0.0,0.0,0.0,0.0,0.0,0.0,0.0,0.0,0.0,0.0,0.0,0.0,0.0,0.0,0.0,0.0,0.0,0.0,0.0,0.0,0.0,0.0,0.0,0.0,0.0,0.0,0.0,0.0,0.0,0.0,0.0,0.0,0.0,0.0,0.0,0.0,0.0,0.0,0.0,0.0,0.0,0.0,0.0,0.0,0.0,0.0,0.0,0.0,0.0,0.0,0.0,0.0,0.0,0.0,0.0,0.0,0.0,0.0,0.0,0.0,0.0,0.0,0.0,0.0,0.0,0.0,0.0,0.0
foreign sales,0.0,0.0,0.0,0.0,0.0,0.0,0.0,0.0,0.0,0.0,0.0,0.0,0.0,0.0,0.0,0.0,0.0,0.0,0.0,0.0,0.0,0.0,0.0,0.0,0.0,0.0,0.0,0.0,0.0,0.0,0.0,0.0,0.0,0.0,0.0,0.0,0.0,0.0,0.0,0.0,0.0,0.0,0.0,0.0,0.0,0.0,0.0,0.0,0.0,0.0,0.0,0.0,0.0,0.0,0.0,0.0,0.0,0.0,0.0,0.0,0.0,0.0,0.0,0.0,0.0,0.0,0.0,0.0,0.0,0.0,0.0,0.0,0.0,0.0,0.0,0.0,0.0
free cash flow,2.4,-3.3,-0.1,0.6,1.5,0.2,0.8,0.9,0.7,3.0,-0.5,0.5,2.2,2.5,0.0,-0.4,-0.7,-0.3,-5.6,-6.1,-7.7,-14.7,-1.1,0.1,1.1,1.6,-0.7,-0.5,1.4,3.0,1.5,1.5,3.0,3.2,2.0,1.7,1.3,4.0,-1.3,-1.2,0.3,-6.1,-33.2,-39.6,-38.8,-41.6,-4.2,-5.8,-5.2,0.3,0.6,-3.7,0.5,-9.8,-29.5,-39.9,-37.6,-54.1,-1.1,1.5,23.5,22.6,16.4,10.1,28.6,36.1,15.7,-26.5,-9.7,-26.1,10.5,6.4,-2.5,17.3,3.9,-11.1,0.8
free cash flow per share,0.47,-0.64,-0.02,0.12,0.29,0.04,0.16,0.17,0.14,0.58,-0.10,0.10,0.43,0.24,0.00,-0.03,-0.06,-0.02,-0.37,-0.40,-0.51,-0.90,-0.07,0.01,0.06,0.10,-0.04,-0.03,0.09,0.19,0.10,0.09,0.19,0.21,0.13,0.11,0.09,0.26,-0.09,-0.08,0.02,-0.38,-2.05,-2.43,-2.37,-2.52,-0.25,-0.34,-0.31,0.02,0.03,-0.21,0.03,-0.55,-1.63,-2.18,-2.04,-2.91,-0.06,0.08,1.25,1.20,0.87,0.53,1.51,1.90,0.83,-1.37,-0.50,-1.34,0.54,0.32,-0.13,0.87,0.19,-0.55,0.04
gross fixed assets,24.0,26.6,26.6,25.1,25.3,17.7,17.9,18.0,18.1,18.0,17.8,17.9,18.0,17.8,17.1,17.3,18.0,18.4,23.4,25.3,25.1,27.1,27.2,27.5,27.6,28.3,28.1,25.8,25.9,25.9,26.3,26.9,27.2,27.7,28.0,28.4,29.5,29.8,31.1,31.9,32.4,35.4,48.7,49.3,50.3,53.3,55.1,48.5,50.7,53.2,56.9,61.2,64.3,69.7,81.0,86.8,92.4,99.6,102.4,105.0,108.9,115.0,116.9,119.7,120.9,118.2,120.4,127.7,131.4,136.8,141.4,144.8,153.7,152.7,160.1,173.1,174.8
gross margin,0.0,0.0,0.0,0.0,0.0,0.0,0.0,0.0,0.0,0.0,0.0,0.0,0.0,0.0,0.0,0.0,0.0,0.0,0.0,0.0,0.0,0.0,0.0,7.9,7.4,8.6,7.4,8.6,8.0,9.4,8.8,9.7,8.5,11.0,9.6,10.3,9.0,10.8,10.8,10.9,10.7,13.3,12.5,19.7,21.1,24.3,20.6,24.9,22.7,29.2,23.5,32.4,26.2,36.4,34.7,44.6,36.8,51.2,42.1,53.0,33.3,41.0,32.5,42.5,31.9,42.0,34.7,47.1,35.1,55.1,48.7,54.7,41.3,68.2,54.2,67.6,43.7
gross profit margin,51.4,52.9,53.4,54.0,53.8,55.8,61.5,61.7,62.9,54.3,52.7,51.6,49.6,46.9,46.1,45.9,45.5,46.2,46.7,46.6,46.5,45.8,46.2,46.9,46.8,47.0,46.1,45.0,44.4,44.1,44.3,44.5,45.0,44.8,44.6,44.5,43.7,43.3,43.1,42.5,42.7,42.3,40.8,39.6,38.5,37.1,36.7,36.5,36.3,36.9,37.0,37.5,37.3,37.2,36.4,35.9,35.4,35.0,35.0,34.9,34.5,34.0,33.6,33.2,32.9,32.8,33.0,33.3,33.7,33.9,34.1,34.0,33.4,34.1,33.9,33.7,33.3
income before income taxes,0.0,0.0,0.0,0.0,0.0,0.0,0.0,0.0,0.0,0.0,0.0,0.0,0.0,0.0,0.0,0.0,0.0,0.0,0.0,0.0,0.0,0.0,0.0,0.0,0.0,0.0,0.0,0.0,0.0,4.2,1.3,2.0,0.8,2.2,1.9,2.2,0.9,2.2,2.2,2.5,1.6,3.0,0.4,2.3,2.0,3.3,0.9,6.1,3.7,6.6,2.7,9.2,4.0,10.3,6.0,12.8,4.9,15.6,8.3,17.0,2.3,8.8,1.9,9.6,-0.7,9.6,6.3,13.4,2.8,17.7,10.9,16.6,2.9,22.0,12.2,22.2,-0.9
income from cum. effect of acct. change,0.0,0.0,0.0,0.0,0.0,0.0,0.0,0.0,0.0,0.0,0.0,0.0,0.0,0.0,0.0,0.0,0.0,0.0,0.0,0.0,0.0,0.0,0.0,0.0,0.0,0.0,0.0,0.0,0.0,0.0,0.0,0.0,0.0,0.0,0.0,0.0,0.0,0.0,0.0,0.0,0.0,0.0,0.0,0.0,0.0,0.0,0.0,0.0,0.0,0.0,0.0,0.0,0.0,0.0,0.0,0.0,0.0,0.0,0.0,0.0,0.0,0.0,0.0,0.0,0.0,0.0,0.0,0.0,0.0,0.0,0.0,0.0,0.0,0.0,0.0,0.0,0.0
income from tax loss carryforward,0.0,0.0,0.0,0.0,0.0,0.0,0.0,0.0,0.0,0.0,0.0,0.0,0.0,0.0,0.0,0.0,0.0,0.0,0.0,0.0,0.0,0.0,0.0,0.0,0.0,0.0,0.0,0.0,0.0,0.0,0.0,0.0,0.0,0.0,0.0,0.0,0.0,0.0,0.0,0.0,0.0,0.0,0.0,0.0,0.0,0.0,0.0,0.0,0.0,0.0,0.0,0.0,0.0,0.0,0.0,0.0,0.0,0.0,0.0,0.0,0.0,0.0,0.0,0.0,0.0,0.0,0.0,0.0,0.0,0.0,0.0,0.0,0.0,0.0,0.0,0.0,0.0
income per employee,None,-365,None,None,None,-9736,None,None,None,-16174,None,None,None,1646,None,None,None,2917,None,None,None,429,None,None,None,2120,None,None,None,3425,None,None,None,4599,None,None,None,4891,None,None,None,5846,None,None,None,1915,None,None,None,3939,None,None,None,4563,None,None,None,6385,None,None,None,6739,None,None,None,3960,None,None,None,7596,None,None,None,8702,None,None,None
income taxes,0.3,-0.2,0.0,-2.8,0.0,0.3,0.1,-0.1,-1.2,-0.4,0.0,0.3,0.2,0.3,0.2,0.3,0.3,0.4,0.2,0.1,-0.2,0.4,0.0,0.3,0.2,0.5,0.1,0.7,-0.0,0.7,0.5,0.8,0.3,0.9,0.7,0.8,0.3,0.8,0.9,0.9,0.6,1.1,0.2,0.9,0.7,1.5,0.4,2.3,1.5,2.6,1.1,3.7,1.6,4.2,2.5,5.0,2.0,6.3,3.3,6.8,0.9,-2.4,0.7,3.7,-0.2,3.9,2.5,5.4,-1.2,6.8,4.1,6.2,0.9,8.2,4.5,8.2,-0.3
"income, acquired in process r&a;",0.0,0.0,0.0,0.0,0.0,0.0,0.0,0.0,0.0,0.0,0.0,0.0,0.0,0.0,0.0,0.0,0.0,0.0,0.0,0.0,0.0,0.0,0.0,0.0,0.0,0.0,0.0,0.0,0.0,0.0,0.0,0.0,0.0,0.0,0.0,0.0,0.0,0.0,0.0,0.0,0.0,0.0,0.0,0.0,0.0,0.0,0.0,0.0,0.0,0.0,0.0,0.0,0.0,0.0,0.0,0.0,0.0,0.0,0.0,0.0,0.0,0.0,0.0,0.0,0.0,0.0,0.0,0.0,0.0,0.0,0.0,0.0,0.0,0.0,0.0,0.0,0.0
intangibles,6.1,6.0,5.9,5.9,5.7,5.6,5.5,5.4,0.0,0.0,0.0,0.0,0.0,0.0,0.0,0.0,0.0,0.0,3.4,3.6,3.7,10.8,10.7,10.7,10.6,10.6,10.5,10.5,10.4,10.3,10.3,10.2,10.1,10.0,10.0,0.0,10.0,10.0,10.0,10.0,10.0,16.3,28.5,29.6,30.1,30.4,30.3,27.3,0.8,0.7,0.6,0.6,0.5,0.5,0.4,0.3,1.6,1.3,1.1,1.0,0.9,1.0,0.8,1.7,1.6,1.5,1.4,1.4,1.3,14.8,14.3,15.9,18.2,18.5,19.8,28.4,26.9
intangibles as % of book-value,21.7,22.8,22.6,29.5,28.4,27.6,27.0,27.3,0.0,0.0,0.0,0.0,0.0,0.0,0.0,0.0,0.0,0.0,17.1,17.8,18.8,50.7,49.8,48.9,47.8,46.2,46.1,44.4,44.1,41.7,41.5,40.0,39.2,35.7,34.2,32.7,32.4,31.7,30.6,29.1,28.0,38.5,66.1,64.8,64.3,62.0,60.2,49.8,46.2,42.5,40.8,37.3,35.2,32.0,57.9,51.1,60.9,53.1,46.7,41.1,39.7,39.2,38.4,37.5,36.8,34.6,34.0,56.1,55.4,51.0,48.7,46.6,51.5,47.3,45.9,48.8,47.8
interest as % of invested capital,5.1,10.1,11.1,7.0,7.1,6.5,6.6,6.4,8.0,7.3,16.4,12.4,8.4,4.6,3.6,3.0,2.3,2.3,1.6,1.9,2.1,2.2,2.8,3.3,3.9,3.9,3.9,4.2,4.2,4.2,3.8,3.1,2.8,2.2,2.0,1.7,1.5,1.5,1.3,1.2,1.2,0.9,0.6,1.3,2.0,2.7,3.4,3.8,3.7,3.9,3.9,3.7,3.7,3.2,2.9,2.9,3.1,3.0,2.7,2.5,2.5,2.2,2.0,1.6,1.4,1.3,1.1,0.6,0.6,0.8,0.7,0.8,0.8,0.7,0.7,0.7,0.7
interest coverage (cont. operations),1.8,1.3,1.2,0.0,0.0,0.0,0.0,1.0,0.0,0.0,0.0,0.0,0.8,2.8,3.7,4.5,5.6,6.0,6.6,4.7,2.1,2.0,1.3,1.6,2.3,2.6,2.8,3.2,3.4,3.6,4.6,5.5,6.3,8.1,9.5,11.0,12.4,12.9,13.8,14.7,16.6,18.8,12.8,6.6,4.7,3.7,3.3,4.2,4.5,5.4,5.6,6.1,6.2,7.2,7.0,7.0,6.6,7.1,7.7,8.8,9.2,8.5,6.9,6.0,5.5,8.4,11.5,18.2,22.0,19.6,24.6,20.4,19.8,23.1,23.4,19.1,16.8
interest expense,1.3,1.3,1.3,1.3,1.3,1.0,1.2,1.1,1.1,1.2,0.2,0.2,0.2,0.2,0.1,0.1,0.1,0.2,0.1,0.2,0.2,0.4,0.4,0.4,0.4,0.4,0.4,0.5,0.4,0.4,0.2,0.3,0.2,0.2,0.2,0.2,0.1,0.1,0.1,0.1,0.1,0.1,0.3,0.8,0.9,1.0,1.1,0.9,1.1,1.1,1.1,1.1,1.0,1.0,1.8,1.7,1.6,1.4,1.4,1.4,1.1,0.9,0.8,0.7,0.7,0.6,0.4,0.0,0.5,0.8,0.6,0.6,0.6,0.6,0.6,0.7,0.7
interest income,0.0,0.0,0.0,0.0,0.0,0.0,0.0,0.0,0.0,0.0,0.0,0.0,0.0,0.0,0.0,0.0,0.0,0.0,0.0,0.0,0.0,0.0,0.0,0.0,0.0,0.0,0.0,0.0,0.0,0.0,0.0,0.0,0.0,0.0,0.0,0.0,0.0,0.0,0.0,0.0,0.0,0.0,0.0,0.0,0.0,0.0,0.0,0.0,0.0,0.0,0.0,0.0,0.0,0.0,0.0,0.0,0.0,0.0,0.0,0.0,0.0,0.0,0.0,0.0,0.0,0.0,0.0,0.4,0.0,0.0,0.0,0.0,0.0,0.0,0.0,0.0,0.0
inventories,8.4,8.3,8.2,7.7,7.3,6.6,6.5,6.2,5.7,5.7,5.8,5.9,6.0,6.3,6.4,6.3,6.4,6.8,9.0,8.7,8.4,8.6,8.4,8.2,7.7,7.8,8.3,8.2,8.1,8.2,8.4,8.7,8.9,8.8,9.0,9.2,9.1,9.5,9.2,9.8,9.6,9.9,11.7,12.4,12.9,12.4,12.6,10.2,10.3,10.5,11.4,10.5,11.1,11.5,12.9,13.5,15.7,16.4,18.6,18.9,20.1,19.6,19.9,19.5,19.6,19.7,19.6,20.5,20.9,21.3,22.2,22.5,23.3,25.0,26.0,26.6,26.8
"inventories, finished goods",0.0,0.0,0.0,0.0,0.0,0.0,0.0,0.0,0.0,0.0,0.0,0.0,0.0,0.0,0.0,0.0,0.0,0.0,0.0,0.0,0.0,0.0,0.0,0.0,0.0,0.0,0.0,0.0,0.0,7.3,7.5,7.8,8.0,7.8,8.0,8.2,8.1,8.4,8.2,8.6,8.6,8.8,9.8,10.3,10.5,10.4,10.5,8.5,8.5,8.8,9.3,8.7,8.9,8.3,9.4,9.7,12.4,13.1,15.1,15.1,16.0,15.9,16.4,16.3,16.3,16.2,16.2,16.7,17.0,17.4,18.4,18.3,19.2,20.5,21.9,22.6,22.6
"inventories, other",0.0,0.0,0.0,0.0,0.0,0.0,0.0,0.0,0.0,0.0,0.0,0.0,0.0,0.0,0.0,0.0,0.0,0.0,0.0,0.0,0.0,0.0,0.0,0.0,0.0,0.0,8.3,8.2,8.1,0.0,0.0,0.0,0.0,0.0,0.0,0.0,0.0,0.0,0.0,0.0,0.0,0.0,0.0,0.0,0.0,0.0,0.0,0.0,0.0,0.0,0.0,0.0,0.0,0.0,0.0,0.0,0.0,0.0,0.0,0.0,0.0,0.0,0.0,0.0,0.0,0.0,0.0,0.0,0.0,0.0,0.0,0.0,0.0,0.0,0.0,0.0,0.0
"inventories, purchased components",0.0,0.0,0.0,0.0,0.0,0.0,0.0,0.0,0.0,0.0,0.0,0.0,0.0,0.0,0.0,0.0,0.0,0.0,0.0,0.0,0.0,0.0,0.0,0.0,0.0,0.0,0.0,0.0,0.0,0.0,0.0,0.0,0.0,0.0,0.0,0.0,0.0,0.0,0.0,0.0,0.0,0.0,0.0,0.0,0.0,0.0,0.0,0.0,0.0,0.0,0.0,0.0,0.0,0.0,0.0,0.0,0.0,0.0,0.0,0.0,0.0,0.0,0.0,0.0,0.0,0.0,0.0,0.0,0.0,0.0,0.0,0.0,0.0,0.0,0.0,0.0,0.0
"inventories, raw materials",0.0,0.0,0.0,0.0,0.0,0.0,0.0,0.0,0.0,0.0,0.0,0.0,0.0,0.0,0.0,0.0,0.0,0.0,0.0,0.0,0.0,0.0,0.0,0.0,0.0,0.0,0.0,0.0,0.0,0.9,0.9,0.9,0.9,1.0,1.0,1.0,1.0,1.1,1.0,1.2,0.9,1.1,1.9,1.3,1.6,1.5,1.4,1.4,1.4,1.4,1.8,1.4,1.8,2.9,3.1,3.3,2.8,2.8,3.0,3.4,3.5,3.1,2.8,2.6,2.7,3.0,2.8,3.4,3.4,3.2,3.2,3.5,3.4,3.5,3.0,3.0,3.3
"inventories, work in progress",0.0,0.0,0.0,0.0,0.0,0.0,0.0,0.0,0.0,0.0,0.0,0.0,0.0,0.0,0.0,0.0,0.0,0.0,0.0,0.0,0.0,0.0,0.0,0.0,0.0,0.0,0.0,0.0,0.0,0.0,0.0,0.0,0.0,0.0,0.0,0.0,0.0,0.0,0.0,0.0,0.0,0.0,0.0,0.7,0.8,0.5,0.6,0.3,0.4,0.3,0.3,0.4,0.3,0.4,0.4,0.4,0.5,0.5,0.5,0.5,0.6,0.7,0.6,0.6,0.6,0.5,0.6,0.5,0.5,0.7,0.7,0.7,0.8,0.9,1.0,1.0,0.9
inventory as % of revenue,11.9,11.6,11.7,11.3,11.0,11.8,11.0,11.1,10.9,10.9,11.8,12.3,13.0,14.4,14.6,14.3,14.4,14.9,19.3,17.8,16.2,15.8,14.3,13.4,12.2,11.7,12.2,11.5,11.0,10.9,10.7,10.7,10.9,10.3,10.3,10.3,10.0,10.3,9.7,10.1,9.5,9.2,10.1,8.7,7.5,5.9,5.4,4.1,4.0,4.1,4.2,3.6,3.7,3.6,3.6,3.4,3.6,3.4,3.7,3.6,3.9,3.9,4.2,4.3,4.4,4.3,4.3,4.4,4.4,4.2,4.1,3.9,3.9,4.0,4.0,3.9,3.8
inventory turnover,3.9,3.9,3.8,3.9,3.9,3.3,3.1,3.1,3.0,3.9,3.8,3.8,4.0,3.9,3.9,3.9,3.9,3.7,3.2,3.5,3.7,3.8,3.6,3.8,4.2,4.3,4.4,4.8,5.2,5.3,5.2,5.3,5.3,5.5,5.5,5.5,5.7,5.7,5.9,5.9,6.2,6.4,6.5,7.7,9.5,11.8,12.2,14.0,14.0,14.3,14.3,17.4,17.5,18.1,18.7,21.2,20.8,22.3,20.6,21.1,19.0,18.2,16.4,15.6,15.2,15.5,15.5,15.6,15.5,16.4,17.1,17.5,18.0,17.7,17.7,18.6,18.6
invested capital,49.1,47.3,38.8,74.1,72.8,75.2,72.8,72.4,55.3,63.3,21.9,21.7,21.4,19.6,19.5,20.1,21.4,21.6,32.0,31.8,32.8,41.8,42.8,42.2,41.5,40.7,40.6,39.6,38.6,38.3,37.9,40.0,38.2,40.2,40.5,41.1,42.4,41.3,44.1,46.1,45.4,59.4,96.7,103.6,103.8,108.8,110.4,103.3,109.2,103.7,107.2,118.4,117.7,133.0,170.7,189.8,199.2,217.6,225.2,229.5,214.6,223.2,212.9,226.1,216.6,213.0,206.5,261.5,257.6,280.3,285.7,294.0,316.0,325.8,338.3,376.2,364.4
issuance of capital stock,0.0,0.0,0.0,0.0,0.0,0.0,0.0,0.0,0.0,0.0,0.0,0.0,0.0,0.0,1.9,2.1,2.1,2.2,3.2,3.4,3.5,3.5,0.1,0.1,0.1,0.1,0.1,0.1,0.1,0.2,0.1,0.3,0.4,0.8,0.4,0.6,0.6,0.8,0.1,0.1,0.4,0.4,0.2,0.6,0.7,0.9,0.3,0.5,1.6,2.3,0.2,0.9,1.5,3.1,0.8,1.7,2.6,3.4,3.5,1.6,1.8,1.6,0.5,0.7,0.9,1.3,0.0,0.9,1.6,1.8,0.1,0.7,2.2,3.0,0.5,3.4,8.2
issuance of debt,5.9,17.0,0.2,0.3,0.3,0.2,0.0,0.0,1.8,0.1,0.0,0.0,0.0,0.0,0.0,0.0,0.8,1.0,8.7,10.7,12.1,19.0,0.9,0.0,0.0,0.0,2.4,1.0,0.2,0.0,0.0,1.7,0.0,0.0,0.0,0.0,0.0,0.0,1.5,1.8,0.0,7.3,37.9,42.6,43.4,47.4,3.5,2.3,0.0,0.0,1.4,9.1,6.0,12.3,34.0,43.1,48.4,53.1,4.9,10.3,0.0,0.0,0.0,0.0,0.0,0.0,0.0,0.0,19.4,0.0,0.0,0.0,13.7,12.7,1.1,0.0,0.0
land and improvements,0.0,0.0,0.0,0.0,0.0,0.0,0.0,0.0,0.0,0.0,0.0,0.0,0.0,0.0,0.0,0.0,0.0,0.0,0.0,0.0,0.0,0.0,0.0,0.0,0.0,0.0,0.0,0.0,0.0,7.1,0.0,0.0,0.0,7.2,0.0,0.0,0.0,7.3,0.0,0.0,0.0,6.9,0.0,0.0,0.0,10.3,0.0,0.0,0.0,0.6,0.9,0.9,0.9,1.0,1.0,1.0,1.0,1.0,1.0,0.9,0.9,0.9,0.9,1.0,1.0,1.0,1.0,1.0,1.0,1.0,6.0,6.0,6.0,1.3,1.3,2.2,3.1
leverage ratio,3.7,3.9,3.6,4.4,4.3,3.9,3.8,3.9,5.9,6.3,2.5,2.5,2.3,2.0,1.8,1.7,1.7,1.7,1.9,1.9,2.0,2.2,2.2,2.2,2.2,2.1,2.2,2.1,2.0,1.9,1.9,1.9,1.9,1.8,1.7,1.7,1.6,1.6,1.7,1.7,1.6,1.8,2.7,2.8,2.8,2.9,2.8,2.6,2.3,2.2,2.1,2.1,1.9,2.0,2.4,2.3,2.4,2.3,2.2,2.2,2.0,1.9,1.7,1.7,1.6,1.6,1.5,1.7,1.7,1.7,1.6,1.7,1.7,1.7,1.6,1.7,1.6
loans receivable,0.0,0.0,0.0,0.0,0.0,0.0,0.0,0.0,0.0,0.0,0.0,0.0,0.0,0.0,0.0,0.0,0.0,0.0,0.0,0.0,0.0,0.0,0.0,0.0,0.0,0.0,0.0,0.0,0.0,0.0,0.0,0.0,0.0,0.0,0.0,0.0,0.0,0.0,0.0,0.0,0.0,0.0,0.0,0.0,0.0,0.0,0.0,0.0,0.0,0.0,0.0,0.0,0.0,0.0,0.0,0.0,0.0,0.0,0.0,0.0,0.0,0.0,0.0,0.0,0.0,0.0,0.0,0.0,0.0,0.0,0.0,0.0,0.0,0.0,0.0,0.0,0.0
long-term debt,21.0,21.0,12.7,54.1,52.7,54.9,52.4,52.6,43.2,52.3,10.8,10.3,9.8,7.6,5.5,5.4,6.3,6.0,12.1,11.6,13.1,20.5,21.3,20.3,19.3,17.7,17.8,16.1,15.0,13.5,13.1,14.5,12.3,12.0,11.2,10.4,11.4,9.6,11.2,11.5,9.5,17.1,53.6,58.0,57.0,59.9,60.0,48.4,50.3,39.8,40.8,45.8,41.1,48.8,81.2,88.7,93.7,96.8,97.9,98.5,81.3,76.7,63.4,67.2,57.7,47.8,38.3,77.4,69.0,75.9,72.7,73.6,88.1,85.9,87.0,105.5,89.1
long-term debt per share,4.07,4.07,2.46,10.48,10.21,10.64,10.16,10.19,8.37,10.14,2.09,2.00,1.90,0.72,0.46,0.45,0.52,0.49,0.81,0.77,0.87,1.25,1.29,1.23,1.17,1.07,1.09,1.00,0.95,0.86,0.86,0.88,0.81,0.78,0.72,0.67,0.73,0.63,0.74,0.76,0.62,1.06,3.31,3.55,3.48,3.63,3.60,2.89,2.95,2.30,2.35,2.62,2.31,2.73,4.50,4.85,5.08,5.21,5.21,5.23,4.32,4.07,3.36,3.55,3.04,2.52,2.03,4.02,3.54,3.89,3.71,3.74,4.45,4.32,4.37,5.21,4.35
marketable securities,0.0,0.0,0.0,0.0,0.0,0.0,0.0,0.0,0.0,0.0,0.0,0.0,0.0,0.0,0.0,0.0,0.0,0.0,0.0,0.0,0.0,0.0,0.0,0.0,0.0,0.0,0.0,0.0,0.0,0.0,0.0,0.0,0.0,0.0,0.0,0.0,0.0,0.0,0.0,0.0,0.0,0.0,0.0,0.0,0.0,0.0,0.0,0.0,0.0,0.0,0.0,0.0,0.0,0.0,0.0,0.0,0.0,0.0,0.0,0.0,0.0,0.0,0.0,0.0,0.0,0.0,0.0,0.0,0.0,0.0,0.0,0.0,0.0,0.0,0.0,0.0,0.0
minority interest,0.0,0.0,0.0,0.0,0.0,0.0,0.0,0.0,0.0,0.0,0.0,0.0,0.0,0.0,0.0,0.0,0.0,0.0,0.0,0.0,0.0,0.0,0.0,0.0,0.0,0.0,0.0,0.0,0.0,0.0,0.0,0.0,0.0,0.0,0.0,0.0,0.0,0.0,0.0,0.0,0.0,0.0,0.0,0.0,0.0,0.0,0.0,0.0,0.0,0.0,0.0,0.0,0.0,0.0,0.0,0.0,0.0,0.0,0.0,0.0,0.0,0.0,0.0,0.0,0.0,0.0,0.0,-0.0,0.0,0.0,0.0,0.0,-0.0,0.1,0.1,0.1,-0.0
minority interest liability,0.0,0.0,0.0,0.0,0.0,0.0,0.0,0.0,0.0,0.0,0.0,0.0,0.0,0.0,0.0,0.0,0.0,0.0,0.0,0.0,0.0,0.0,0.0,0.0,0.0,0.0,0.0,0.0,0.0,0.0,0.0,0.0,0.2,0.2,0.2,0.2,0.2,0.2,0.3,0.3,0.2,0.2,0.3,0.3,0.3,0.4,0.4,0.4,0.4,0.3,0.3,0.4,0.2,0.3,0.2,0.3,0.0,0.0,0.0,0.0,0.0,0.0,0.0,0.0,0.0,0.0,0.0,4.9,4.9,5.0,5.0,5.0,5.0,5.1,5.2,5.3,5.3
net cash from continuing operations,3.4,4.3,0.1,0.9,1.8,0.7,0.9,1.2,1.1,3.8,0.1,1.4,1.7,2.5,0.2,0.1,0.5,1.7,1.6,2.4,1.3,3.2,-0.9,0.7,2.1,3.9,-0.3,0.9,2.7,4.6,1.9,2.4,4.2,5.3,2.3,2.9,3.0,6.6,-0.0,1.2,3.1,2.6,2.1,-3.6,-1.8,-2.9,-2.2,-2.8,1.4,9.3,3.1,3.5,11.6,6.7,9.4,8.7,33.3,24.7,3.2,10.5,36.8,39.0,18.3,14.0,34.1,43.8,18.0,20.0,39.8,28.5,15.8,19.4,32.6,36.7,6.6,19.7,38.2
net cash from discontinued operations,0.0,0.0,0.0,0.0,0.0,0.0,0.0,0.0,0.0,0.0,0.0,0.0,1.6,1.4,0.0,0.0,0.0,0.0,0.0,0.0,0.0,0.0,0.0,0.0,0.0,0.0,0.0,0.0,0.0,0.0,0.0,0.0,0.0,0.0,0.0,0.0,0.0,0.0,0.0,0.0,0.0,0.0,0.0,0.0,0.0,0.0,0.0,0.4,-1.9,-1.9,0.0,0.0,0.0,0.0,0.0,0.0,0.0,0.0,0.0,0.0,0.0,0.0,0.0,0.0,0.0,0.0,0.0,0.0,0.0,0.0,0.0,0.0,0.0,0.0,0.0,0.0,0.0
net fixed assets,8.6,10.0,9.7,8.9,8.4,6.1,5.9,5.7,5.6,5.8,5.9,5.9,5.8,5.8,5.7,5.7,6.1,6.6,11.3,12.7,12.0,13.5,13.1,12.9,12.9,13.2,13.3,12.3,12.1,11.8,11.7,11.8,11.8,11.9,11.8,12.0,12.3,12.3,13.0,13.5,13.4,15.9,28.2,27.3,26.9,28.8,29.4,25.0,25.8,26.4,27.7,30.4,32.0,35.2,38.9,47.2,51.0,56.1,56.3,57.4,58.3,59.6,58.7,58.0,56.4,55.2,54.3,56.4,56.4,58.6,60.0,61.1,65.7,62.0,65.0,71.2,72.5
net income (continuing operations),0.3,-0.1,-0.2,-5.6,0.0,0.0,0.0,-0.5,-7.7,-1.0,0.0,0.3,0.2,0.3,0.1,0.5,0.3,0.5,0.3,0.1,-0.6,0.5,0.0,0.4,0.4,0.7,0.2,0.9,0.7,1.0,0.8,1.2,0.5,1.3,1.1,1.4,0.5,1.4,1.4,1.6,1.0,1.9,0.3,1.4,1.3,1.8,0.5,3.8,2.3,4.0,1.5,5.5,2.4,6.1,3.5,7.8,2.9,9.4,5.0,10.2,2.2,5.6,1.1,5.8,-0.4,5.7,3.8,8.1,3.9,10.8,6.8,10.3,2.0,13.9,7.7,0.0,-0.5
net income (discontinued operations),0.0,-1.1,0.0,0.0,0.0,0.3,0.0,0.0,0.0,0.0,0.0,0.0,0.0,0.0,0.0,0.0,0.0,0.0,0.0,0.0,0.0,0.0,0.0,0.0,0.0,0.0,0.0,0.0,0.0,0.0,0.0,0.0,0.0,0.0,0.0,0.0,0.0,0.0,0.0,0.0,0.0,0.0,0.0,0.0,0.0,0.0,0.0,-0.0,0.0,0.0,0.0,0.0,0.0,0.0,0.0,0.0,0.0,0.0,0.0,0.0,0.0,0.0,0.0,0.0,0.0,0.0,0.0,0.0,0.0,0.0,0.0,0.0,0.0,0.0,0.0,0.0,0.0
net income available for common,0.3,-0.1,-0.2,-5.6,0.0,0.0,0.0,-0.5,-7.7,-1.0,0.0,0.3,0.2,0.3,0.1,0.5,0.3,0.5,0.3,0.1,-0.6,0.5,0.0,0.4,0.4,0.7,0.2,0.9,0.7,1.0,0.8,1.2,0.5,1.3,1.1,1.4,0.5,1.4,1.4,1.6,1.0,1.9,0.3,1.4,1.3,1.8,0.5,3.8,2.3,4.0,1.5,5.5,2.4,6.1,3.5,7.8,2.9,9.4,5.0,10.2,2.2,5.6,1.1,5.8,-0.4,5.7,3.8,8.1,3.9,10.8,6.8,10.3,2.0,13.9,7.7,0.0,-0.5
net income/loss,0.9,-0.3,-0.2,-5.8,-5.8,-5.9,0.0,-0.5,-8.2,-9.3,0.0,0.3,0.5,0.8,0.1,0.6,0.9,1.4,0.3,0.4,-0.2,0.3,0.0,0.4,0.8,1.5,0.2,1.1,1.8,2.7,0.8,2.0,2.6,3.9,1.1,2.5,3.1,4.4,1.4,2.9,3.9,5.8,0.3,1.7,3.0,4.8,0.5,4.3,6.6,10.6,1.5,7.0,9.4,15.5,3.5,11.3,14.3,23.6,5.0,15.2,17.4,22.9,1.1,7.0,6.5,12.3,3.8,11.8,15.8,26.6,6.8,17.2,19.2,33.1,7.7,21.7,21.1
net profit margin,1.3,-0.4,-1.0,-9.9,-10.5,-10.6,-9.0,-0.4,-15.0,-17.7,-18.7,-17.5,-1.1,1.8,2.1,2.5,2.7,3.1,3.4,2.5,0.6,0.5,0.0,0.5,2.0,2.2,2.5,3.1,3.4,3.6,4.2,4.6,4.3,4.6,4.9,4.9,4.8,4.8,4.9,4.9,5.2,5.4,4.0,3.2,2.8,2.3,2.2,3.0,3.3,4.1,4.3,4.6,4.5,4.9,4.9,5.0,4.7,4.9,5.0,5.2,5.1,4.6,4.0,3.3,2.7,2.7,3.3,3.7,4.6,5.2,5.4,5.6,5.0,5.3,5.3,3.4,3.0
non-current deferred income taxes,0.0,0.0,0.0,0.0,0.0,0.0,0.0,0.0,0.0,0.0,0.0,0.0,0.0,0.0,0.0,0.0,0.0,0.0,0.0,0.0,0.0,0.0,0.0,0.0,0.0,0.0,0.0,0.0,0.0,0.0,0.0,0.0,0.0,0.0,0.0,0.0,0.0,0.0,0.0,0.0,0.0,0.0,0.0,0.0,0.0,0.0,0.0,0.0,0.0,0.0,0.0,0.5,0.0,0.0,0.0,0.0,0.0,0.0,0.0,0.0,0.0,0.0,0.0,0.0,0.0,0.1,0.2,0.4,0.3,0.1,0.2,0.1,0.3,0.7,0.5,0.4,0.3
normalized income,0.3,-0.1,-0.2,-5.6,0.0,0.0,0.0,-0.5,-7.7,-1.0,0.0,0.3,0.2,0.3,0.1,0.5,0.3,0.5,0.3,0.1,0.6,0.6,0.0,0.4,0.4,0.5,0.2,0.9,0.7,1.0,0.8,1.2,0.5,1.7,1.1,1.4,0.5,1.4,1.4,1.6,1.0,1.9,0.3,1.4,1.3,1.8,0.5,3.8,2.3,4.0,1.5,5.5,2.4,6.1,3.5,7.8,2.9,9.4,5.0,10.2,2.2,5.6,1.1,5.8,-0.4,5.7,3.8,8.1,3.9,10.8,6.8,10.3,2.0,13.9,7.7,0.0,-0.5
normalized income per employee,None,972,None,None,None,-8911,None,None,None,-16174,None,None,None,1646,None,None,None,2917,None,None,None,2286,None,None,None,1809,None,None,None,3425,None,None,None,5032,None,None,None,4891,None,None,None,5846,None,None,None,1915,None,None,None,3937,None,None,None,4563,None,None,None,6385,None,None,None,6739,None,None,None,3960,None,None,None,7596,None,None,None,8702,None,None,None
normalized net profit margin,1.3,1.1,0.6,-8.2,-8.9,-9.7,-9.5,-0.9,-15.6,-17.7,-18.7,-17.5,-1.1,1.8,2.1,2.5,2.7,3.1,3.4,2.5,2.9,2.9,2.2,2.6,2.2,1.9,2.2,2.8,3.1,3.6,4.2,4.6,4.3,5.0,5.3,5.3,5.2,4.8,4.9,4.9,5.2,5.4,4.0,3.2,2.8,2.3,2.2,3.0,3.3,4.1,4.3,4.6,4.5,4.9,4.9,5.0,4.7,4.9,5.0,5.2,5.1,4.6,4.0,3.3,2.7,2.7,3.3,3.7,4.6,5.2,5.4,5.6,5.0,5.3,5.3,3.4,3.0
notes payable,0.0,0.0,0.0,0.0,0.0,0.0,0.0,0.0,0.0,0.0,0.0,0.0,0.0,0.0,0.0,0.0,0.0,0.0,0.0,0.0,0.0,0.0,0.0,0.0,0.0,0.0,0.0,0.0,0.0,0.0,0.0,0.0,0.0,0.0,0.0,0.0,0.0,0.0,0.0,0.0,0.0,0.0,0.0,0.0,0.0,0.0,1.9,0.0,0.6,0.0,2.5,1.7,0.7,4.7,0.0,1.9,0.6,3.4,2.5,1.5,0.6,3.9,2.9,1.8,0.7,0.0,0.0,0.0,0.0,0.0,0.0,0.0,0.0,0.0,0.0,0.0,0.0
number of days cost of goods in inventory,92,93,94,93,92,109,116,116,120,92,95,94,90,93,93,92,92,96,111,103,96,94,99,94,86,84,82,75,70,68,69,68,68,65,65,65,63,63,61,61,58,56,55,47,38,31,30,26,26,25,25,21,21,20,19,17,17,16,18,17,19,20,22,23,24,23,23,23,23,22,21,21,20,20,20,19,19
number of employees,None,None,None,None,None,None,None,None,None,None,None,None,None,None,None,None,None,None,None,None,None,None,None,None,None,None,None,None,None,None,None,None,None,None,None,None,None,None,None,None,None,None,None,None,None,None,None,None,None,None,None,None,None,None,None,None,None,None,None,None,None,None,None,None,None,None,None,None,None,None,None,None,None,None,None,None,None
number of months last report period,3,3,3,3,3,3,3,3,3,3,3,3,3,3,3,3,3,3,3,3,3,3,3,3,3,3,3,3,3,3,3,3,3,3,3,3,3,3,3,3,3,3,3,3,3,3,3,3,3,3,3,3,3,3,3,3,3,3,3,3,3,3,3,3,3,3,3,3,3,3,3,3,3,3,3,3,3
number of part-time employees,None,None,None,None,None,None,None,None,None,None,None,None,None,None,None,None,None,None,None,None,None,None,None,None,None,None,None,None,None,None,None,None,None,None,None,None,None,None,None,None,None,None,None,None,None,None,None,None,None,None,None,None,None,None,None,None,None,None,None,None,None,None,None,None,None,None,None,None,None,None,None,None,None,None,None,None,None
operating gains,0.6,0.8,0.2,0.4,0.4,0.2,0.0,0.0,0.0,0.0,0.0,0.0,0.0,0.0,0.0,0.0,0.0,0.3,0.0,0.0,0.8,0.8,0.0,0.0,0.0,-0.3,0.0,-0.3,-0.2,-0.1,0.0,-0.0,0.0,0.5,0.1,0.0,0.1,0.3,0.0,0.1,0.2,0.2,0.2,0.4,0.4,1.1,0.1,0.5,1.1,0.0,0.0,0.0,-0.3,0.0,-0.1,0.0,0.0,-0.0,-0.3,-0.7,-0.8,-1.0,-0.3,-0.5,1.5,0.9,-0.3,-0.6,-0.7,-0.4,-0.2,-0.7,-0.8,-1.2,-0.3,-0.7,-0.9
operating income,0.0,0.0,0.0,0.0,0.0,0.0,0.0,0.0,0.0,0.0,0.0,0.0,0.0,0.0,0.0,0.0,0.0,0.0,0.0,0.0,0.0,0.0,0.0,0.0,0.0,0.0,0.0,0.0,0.0,0.0,0.0,0.0,1.1,2.4,0.0,0.0,0.0,7.7,0.0,0.0,0.0,9.7,0.7,0.0,2.9,4.3,2.0,7.1,4.8,7.8,3.7,10.3,5.1,11.3,7.8,14.6,6.5,17.0,9.7,18.4,3.5,9.7,2.7,10.3,2.1,9.7,6.7,13.8,3.2,18.7,11.8,17.1,3.4,25.1,12.8,23.0,0.6
other current assets,3.7,1.4,1.5,1.4,1.5,1.4,0.9,1.2,1.5,0.8,0.8,0.8,0.8,0.8,1.0,0.9,1.0,0.9,1.3,0.9,1.2,1.2,1.6,1.7,1.5,1.0,1.6,1.2,1.0,0.0,0.0,0.0,0.0,0.0,0.0,0.0,0.0,0.0,0.0,0.0,0.0,0.0,0.0,0.0,0.0,0.0,0.0,0.0,0.0,0.0,0.0,0.0,0.0,0.0,0.0,0.0,0.0,0.0,0.0,0.0,0.0,0.0,0.0,0.0,0.0,0.0,0.0,0.0,0.0,0.0,0.0,0.0,0.0,0.0,0.0,0.0,0.0
other current liabilities,3.1,5.7,5.4,4.9,4.2,2.7,2.9,2.7,4.0,3.6,2.9,3.4,3.1,3.5,4.1,3.4,2.7,3.8,4.5,4.6,3.8,3.7,3.4,4.1,3.5,4.1,3.7,4.4,3.7,1.0,1.0,1.0,0.9,0.6,0.5,0.0,0.0,0.0,0.8,0.5,0.7,0.6,0.3,0.0,0.5,2.4,1.9,6.8,1.6,4.8,3.4,4.2,0.1,0.0,4.9,2.4,2.6,0.0,0.0,0.0,0.0,0.0,0.0,0.0,0.0,1.9,2.0,0.8,0.0,2.6,3.0,4.5,1.2,6.7,7.1,6.1,2.9
other equity adjustments,0.0,0.0,0.0,0.0,0.0,0.0,0.0,0.0,0.0,0.0,0.0,0.0,0.0,0.0,0.0,0.0,0.0,0.0,0.0,0.0,0.0,-0.1,0.0,0.0,-0.0,-0.0,-0.0,-0.0,-0.0,0.0,-0.1,-0.1,-0.1,-0.1,-0.1,-0.1,-0.0,-0.0,0.0,0.0,0.0,0.0,0.0,0.6,0.3,0.2,0.3,0.3,0.5,0.4,0.9,0.2,0.1,0.6,0.6,2.0,1.6,2.6,-0.4,-8.2,-9.0,-2.6,-2.3,-0.4,-1.5,-2.4,-3.0,-0.3,-0.7,2.9,3.2,-1.3,1.1,-2.6,-0.5,0.7,-0.9
"other financing charges, net",0.0,0.0,0.0,-0.4,0.0,0.0,0.0,0.0,0.0,0.0,0.0,0.0,0.0,0.0,0.0,0.0,0.0,0.0,0.0,0.0,0.0,0.0,0.0,0.0,0.0,0.0,0.0,0.0,0.0,0.0,0.0,0.0,0.0,0.0,0.0,0.0,0.0,0.0,0.0,0.0,0.0,0.0,0.0,-1.6,-1.6,-1.8,0.0,-1.3,-0.2,-0.2,-0.8,0.3,1.2,0.0,0.6,1.5,1.3,4.2,-0.0,2.1,1.6,1.6,0.0,0.0,0.0,0.0,0.0,28.7,-0.8,25.6,0.1,-1.9,-0.5,0.7,0.4,21.0,3.9
other fixed assets,0.0,0.0,0.0,0.0,0.0,0.0,0.0,0.0,0.0,0.0,0.0,0.0,0.0,0.0,0.0,0.0,0.0,0.0,0.0,0.0,0.0,0.0,0.0,0.0,0.0,0.0,0.0,0.0,0.0,0.0,26.3,26.9,27.2,0.0,28.0,28.4,29.5,0.0,31.1,31.9,32.4,0.0,48.7,49.3,50.3,0.0,55.1,48.5,50.7,0.0,0.0,3.4,0.0,3.9,4.6,0.0,0.0,0.0,0.0,0.0,2.2,2.3,0.0,0.0,0.0,0.0,0.0,0.0,0.0,106.0,109.4,0.0,0.0,0.0,0.0,0.0,0.0
other gains/losses,0.0,0.0,0.0,-0.5,0.0,0.0,0.0,0.0,0.0,0.0,0.0,0.0,0.0,0.0,0.0,0.0,0.0,0.0,0.0,0.0,0.0,0.0,0.0,0.0,0.0,0.0,0.0,0.0,0.0,0.0,0.0,0.0,0.0,0.0,0.0,0.0,0.0,0.0,0.0,0.0,0.0,0.0,0.0,0.0,0.0,0.0,0.0,0.0,0.0,0.0,0.0,0.0,0.0,0.0,0.0,0.0,0.0,0.0,0.0,0.0,0.0,0.0,0.0,0.0,0.0,0.0,0.0,0.0,0.0,0.0,0.0,0.0,0.0,0.0,0.0,0.0,0.0
other income net,0.0,0.0,0.0,-6.8,0.0,0.6,0.0,0.0,-6.0,-1.7,0.0,0.0,0.0,0.0,0.0,0.0,0.0,0.0,0.0,0.0,0.0,0.0,0.0,0.0,0.0,0.0,0.0,0.4,-0.1,0.0,0.0,0.0,-0.2,0.0,0.0,0.0,0.0,0.0,0.0,0.0,0.0,-0.0,0.0,0.0,0.0,0.0,0.0,0.0,0.0,0.0,0.0,0.0,0.0,0.0,0.0,0.0,0.0,0.0,0.0,0.0,0.9,-6.5,0.3,0.2,-2.0,0.6,0.3,-0.5,0.2,0.1,0.2,0.5,0.1,-0.4,0.3,0.4,-0.7
"other investing changes, net",-0.3,-3.6,6.1,4.8,5.9,0.1,0.9,0.2,1.3,0.5,0.5,0.8,0.0,0.1,-0.1,-0.1,-0.3,-0.2,-3.2,-3.3,-3.5,-3.3,-0.2,-0.5,-0.9,-0.8,-0.2,0.1,-0.3,-0.3,-0.1,-0.4,-0.4,-0.5,-0.0,0.1,-0.3,0.0,0.1,-0.0,-0.0,-0.2,0.0,0.3,-0.7,-0.8,0.2,0.3,0.5,0.1,0.3,-0.1,0.1,0.7,-0.2,-0.7,-1.2,-2.2,-1.5,-1.5,-0.4,1.5,-0.1,-1.0,-0.5,-0.9,0.0,-0.1,-0.1,-0.2,-0.6,0.3,0.0,-23.9,-5.7,-0.0,1.1
other non-cash items,0.2,1.0,0.0,6.8,6.8,6.8,0.0,0.0,6.0,9.5,0.0,0.0,0.0,-0.4,0.0,0.0,0.0,0.0,0.0,0.0,0.0,0.0,0.0,0.0,0.0,0.0,0.0,0.0,0.0,0.0,0.0,0.0,0.0,0.0,0.0,0.1,0.0,0.0,0.0,0.0,0.0,0.0,0.0,0.0,0.0,0.0,0.0,0.0,0.0,1.3,0.7,2.4,2.2,2.2,1.0,2.4,3.7,4.6,1.3,3.1,3.5,4.8,1.2,2.6,4.0,5.1,1.1,2.7,3.8,5.0,1.2,2.6,3.5,6.0,0.9,2.1,4.0
other non-current assets,59.8,60.9,54.1,51.2,49.6,48.7,47.4,47.7,47.0,46.9,5.8,5.4,5.3,2.2,2.4,2.1,2.0,1.9,2.3,1.6,2.3,2.0,2.0,2.2,2.5,1.9,1.8,1.6,1.4,1.3,1.3,1.3,1.1,1.1,1.0,0.9,0.4,0.5,0.4,0.5,0.3,1.0,2.5,2.8,3.0,3.2,3.2,2.4,2.3,1.5,1.3,1.2,1.1,1.5,1.4,1.4,1.4,3.2,3.5,3.8,2.8,2.3,2.7,2.7,2.1,2.1,2.3,2.6,1.9,2.2,3.3,3.6,2.9,8.9,9.3,9.8,8.6
other non-current liabilities,39.7,42.2,41.0,0.0,0.0,0.0,0.0,0.0,0.0,0.0,0.0,0.0,0.0,0.0,0.0,0.0,0.0,0.0,0.0,0.0,0.0,0.0,0.0,0.0,0.0,0.0,1.8,1.7,0.0,1.3,1.6,1.5,1.4,1.0,1.4,1.4,1.1,0.4,0.9,0.9,0.8,0.1,1.2,0.1,0.1,0.1,0.1,0.0,0.0,0.0,0.0,0.0,0.0,0.0,0.0,0.0,0.0,0.0,0.0,0.0,0.0,0.0,0.0,0.0,0.0,0.0,0.0,0.0,0.0,0.0,0.0,0.0,0.0,0.0,0.0,6.7,6.7
other receivable,0.0,0.0,0.0,0.0,0.0,0.0,0.0,0.0,0.0,0.0,0.0,0.0,0.0,0.0,0.0,0.0,0.0,0.0,0.0,0.0,0.0,0.0,0.0,0.0,0.0,0.0,0.0,0.0,0.0,0.0,0.0,0.0,0.0,0.0,0.0,0.0,0.0,0.1,0.0,0.0,0.0,0.0,0.0,0.0,0.0,0.0,0.0,0.0,0.0,0.0,0.0,0.0,0.0,0.0,0.0,0.0,0.0,0.8,3.5,0.3,104.8,114.3,96.8,0.0,102.8,0.0,0.0,0.0,99.6,0.0,0.0,0.0,0.0,20.6,27.9,20.9,20.6
other special charges,0.0,0.0,0.0,0.0,0.0,0.0,0.0,0.0,0.0,0.0,0.0,0.0,0.0,0.0,0.0,0.0,0.0,0.0,0.0,0.0,-1.2,-0.1,0.0,0.0,0.0,0.2,0.0,0.0,0.0,0.0,0.0,0.0,0.0,-0.4,0.0,0.0,0.0,0.0,0.0,0.0,0.0,0.0,0.0,0.0,0.0,0.0,0.0,0.0,0.0,0.0,0.0,0.0,0.0,0.0,0.0,0.0,0.0,0.0,0.0,0.0,0.0,0.0,0.0,0.0,0.0,0.0,0.0,0.0,0.0,0.0,0.0,0.0,0.0,0.0,0.0,0.0,0.0
payment of cash dividends,0.0,0.0,0.0,0.0,0.0,0.0,0.0,0.0,0.0,0.0,0.0,0.0,0.0,0.0,0.0,0.0,0.0,0.0,0.0,0.0,0.0,0.0,0.0,0.0,0.0,0.0,0.0,0.0,0.0,0.0,0.0,0.0,0.0,0.0,0.0,0.0,0.0,0.0,0.0,0.0,0.0,0.0,0.0,0.0,0.0,0.0,0.0,0.0,0.0,0.0,0.0,0.0,0.0,0.0,0.0,0.0,0.0,0.0,0.0,0.0,0.0,0.0,0.0,0.0,0.0,0.0,0.0,0.0,0.0,0.0,0.0,0.0,0.0,0.0,0.0,0.0,0.0
payout ratio,10,None,None,None,None,None,None,None,None,None,None,None,None,None,None,None,None,None,None,None,None,None,None,None,None,None,None,None,None,None,None,None,None,None,None,None,None,None,None,None,None,None,None,None,None,None,None,None,None,None,None,None,None,None,None,None,None,None,None,None,None,None,None,None,None,None,None,None,None,None,None,None,None,None,None,None,None
post-tax profit margin,1.3,1.1,0.6,-8.2,-8.9,-9.7,-9.5,-0.9,-15.6,-17.7,-18.7,-17.5,-1.1,1.8,2.1,2.5,2.7,3.1,3.4,2.5,0.6,0.5,0.0,0.5,2.0,2.2,2.5,3.1,3.4,3.6,4.2,4.6,4.3,4.6,4.9,4.9,4.8,4.8,4.9,4.9,5.2,5.4,4.0,3.2,2.8,2.3,2.2,3.0,3.3,4.1,4.3,4.6,4.5,4.9,4.9,5.0,4.7,4.9,5.0,5.2,5.1,4.6,4.0,3.3,2.7,2.7,3.3,3.7,4.6,5.2,5.4,5.6,5.0,5.3,5.3,3.4,3.0
pre-tax profit margin,3.3,2.1,1.7,-11.8,-13.2,-14.2,-1.9,11.4,-4.6,-20.8,-22.5,-20.3,-0.9,3.7,4.3,4.8,5.4,5.3,6.0,4.7,1.7,1.6,0.9,1.3,3.2,3.8,4.1,5.2,5.3,5.6,6.5,6.9,7.1,7.5,7.9,8.0,7.8,7.8,7.9,8.0,8.4,8.6,6.4,5.2,4.4,3.9,3.6,5.0,5.5,6.7,7.1,7.7,7.5,8.2,8.3,8.4,7.9,8.2,8.4,8.7,8.4,7.3,5.3,3.9,3.1,4.5,5.4,6.1,6.8,7.9,8.2,8.4,8.1,8.4,8.3,8.6,7.9
pref. securities of subsid. trust,0.0,0.0,0.0,0.0,0.0,0.0,0.0,0.0,0.0,0.0,0.0,0.0,0.0,0.0,0.0,0.0,0.0,0.0,0.0,0.0,0.0,0.0,0.0,0.0,0.0,0.0,0.0,0.0,0.0,0.0,0.0,0.0,0.0,0.0,0.0,0.0,0.0,0.0,0.0,0.0,0.0,0.0,0.0,0.0,0.0,0.0,0.0,0.0,0.0,0.0,0.0,0.0,0.0,0.0,0.0,0.0,0.0,0.0,0.0,0.0,0.0,0.0,0.0,0.0,0.0,0.0,0.0,0.0,0.0,0.0,0.0,0.0,0.0,0.0,0.0,0.0,0.0
preferred dividends,0.0,0.0,0.0,0.0,0.0,0.0,0.0,0.0,0.0,0.0,0.0,0.0,0.0,0.0,0.0,0.0,0.0,0.0,0.0,0.0,0.0,0.0,0.0,0.0,0.0,0.0,0.0,0.0,0.0,0.0,0.0,0.0,0.0,0.0,0.0,0.0,0.0,0.0,0.0,0.0,0.0,0.0,0.0,0.0,0.0,0.0,0.0,0.0,0.0,0.0,0.0,0.0,0.0,0.0,0.0,0.0,0.0,0.0,0.0,0.0,0.0,0.0,0.0,0.0,0.0,0.0,0.0,0.0,0.0,0.0,0.0,0.0,0.0,0.0,0.0,0.0,0.0
preferred equity outside stock equity,0.0,0.0,0.0,0.0,0.0,0.0,0.0,0.0,0.0,0.0,0.0,0.0,0.0,0.0,0.0,0.0,0.0,0.0,0.0,0.0,0.0,0.0,0.0,0.0,0.0,0.0,0.0,0.0,0.0,0.0,0.0,0.0,0.0,0.0,0.0,0.0,0.0,0.0,0.0,0.0,0.0,0.0,0.0,0.0,0.0,0.0,0.0,0.0,0.0,0.0,0.0,0.0,0.0,0.0,0.0,0.0,0.0,0.0,0.0,0.0,0.0,0.0,0.0,0.0,0.0,0.0,0.0,0.0,0.0,0.0,0.0,0.0,0.0,0.0,0.0,0.0,0.0
preferred secur. of subsid. trust,0.0,0.0,0.0,0.0,0.0,0.0,0.0,0.0,0.0,0.0,0.0,0.0,0.0,0.0,0.0,0.0,0.0,0.0,0.0,0.0,0.0,0.0,0.0,0.0,0.0,0.0,0.0,0.0,0.0,0.0,0.0,0.0,0.0,0.0,0.0,0.0,0.0,0.0,0.0,0.0,0.0,0.0,0.0,0.0,0.0,0.0,0.0,0.0,0.0,0.0,0.0,0.0,0.0,0.0,0.0,0.0,0.0,0.0,0.0,0.0,0.0,0.0,0.0,0.0,0.0,0.0,0.0,0.0,0.0,0.0,0.0,0.0,0.0,0.0,0.0,0.0,0.0
preferred shares,0.0,0.0,0.0,0.0,0.0,0.0,0.0,0.0,0.0,0.0,0.0,0.0,0.0,0.0,0.0,0.0,0.0,0.0,0.0,0.0,0.0,0.0,0.0,0.0,0.0,0.0,0.0,0.0,0.0,0.0,0.0,0.0,0.0,0.0,0.0,0.0,0.0,0.0,0.0,0.0,0.0,0.0,0.0,0.0,0.0,0.0,0.0,0.0,0.0,0.0,0.0,0.0,0.0,0.0,0.0,0.0,0.0,0.0,0.0,0.0,0.0,0.0,0.0,0.0,0.0,0.0,0.0,0.0,0.0,0.0,0.0,0.0,0.0,0.0,0.0,0.0,0.0
preferred stock equity,0.0,0.0,0.0,0.0,0.0,0.0,0.0,0.0,0.0,0.0,0.0,0.0,0.0,0.0,0.0,0.0,0.0,0.0,0.0,0.0,0.0,0.0,0.0,0.0,0.0,0.0,0.0,0.0,0.0,0.0,0.0,0.0,0.0,0.0,0.0,0.0,0.0,0.0,0.0,0.0,0.0,0.0,0.0,0.0,0.0,0.0,0.0,0.0,0.0,0.0,0.0,0.0,0.0,0.0,0.0,0.0,0.0,0.0,0.0,0.0,0.0,0.0,0.0,0.0,0.0,0.0,0.0,0.0,0.0,0.0,0.0,0.0,0.0,0.0,0.0,0.0,0.0
prepaid expenses,0.0,0.0,0.0,0.0,0.0,0.0,0.0,0.0,0.0,0.0,0.0,0.0,0.0,0.0,0.0,0.0,0.0,0.0,0.0,0.0,0.0,0.0,0.0,0.0,0.0,0.0,0.0,0.0,0.0,0.2,1.3,1.2,1.3,0.5,1.7,1.6,2.1,0.6,1.9,1.8,1.9,0.5,4.6,4.4,4.3,1.2,4.5,3.4,3.0,2.5,5.6,3.5,2.5,7.2,5.9,4.8,3.6,6.8,6.1,5.1,3.9,7.7,7.2,5.5,4.2,6.0,6.0,5.4,5.3,7.9,7.7,6.3,7.7,8.4,8.6,8.1,11.2
price/cash flow ratio,6.6,5.1,3.6,-11.5,-7.9,-4.7,-10.5,3.7,-2.1,-2.2,-1.5,-1.3,7.5,4.5,8.2,8.6,8.3,10.3,9.2,8.8,10.2,11.3,9.0,6.3,5.1,4.2,5.4,4.7,4.6,4.4,6.9,7.9,7.6,10.8,8.8,8.3,8.0,8.5,8.3,10.4,11.2,14.5,16.4,14.9,12.9,14.2,14.1,14.3,17.2,15.6,11.3,13.2,14.5,14.7,16.1,18.6,18.1,17.0,19.2,13.3,6.3,7.6,10.5,11.4,13.9,11.4,9.9,12.9,14.1,10.8,10.8,11.1,12.9,10.4,12.0,17.1,22.4
price/equity ratio,0.92,0.78,0.57,0.74,0.46,0.45,0.66,0.62,0.83,1.17,0.87,0.71,0.83,0.82,1.32,1.49,1.40,1.93,1.46,1.31,1.24,1.30,1.10,0.85,0.90,0.81,1.07,1.03,1.05,0.97,1.68,1.95,1.81,2.51,2.08,1.89,1.80,1.88,1.84,2.20,2.47,2.98,3.07,3.03,2.93,3.20,3.32,3.64,4.28,4.25,3.14,3.73,3.97,4.16,4.73,5.40,5.33,4.93,5.64,4.05,1.85,1.82,2.20,1.95,2.16,1.73,1.64,2.13,2.68,2.19,2.29,2.44,2.66,2.21,2.48,2.69,3.27
price/free cash flow ratio,10.6,-6.3,-143.8,24.0,6.3,43.8,16.4,14.0,13.8,4.3,-18.8,15.6,4.4,3.9,0.0,-60.4,-29.2,-123.4,-5.2,-4.4,-3.2,-1.9,-20.5,112.5,20.3,11.3,-37.5,-50.0,17.5,8.0,27.0,33.3,16.1,22.0,30.4,34.0,39.9,15.0,-44.3,-62.5,286.8,-20.7,-4.0,-3.5,-3.5,-3.8,-40.1,-35.0,-47.7,786.3,400.3,-73.5,569.3,-35.6,-14.4,-13.7,-14.9,-11.0,-635.2,352.8,10.5,11.8,20.0,30.9,12.0,7.9,17.6,-14.9,-51.9,-17.2,46.2,85.5,-235.4,30.7,164.6,-65.3,1096.5
price/revenue ratio,0.37,0.29,0.21,0.22,0.14,0.16,0.23,0.22,0.19,0.25,0.20,0.17,0.21,0.23,0.42,0.49,0.48,0.66,0.62,0.54,0.47,0.51,0.40,0.30,0.32,0.28,0.36,0.34,0.34,0.32,0.53,0.61,0.58,0.83,0.70,0.65,0.61,0.65,0.64,0.78,0.88,1.17,1.14,0.98,0.79,0.75,0.71,0.80,0.99,1.05,0.77,0.94,1.02,1.10,1.19,1.38,1.31,1.24,1.44,1.01,0.48,0.54,0.69,0.69,0.76,0.63,0.60,0.84,1.07,0.88,0.90,0.94,1.01,0.85,0.97,1.06,1.28
price/tangible book ratio,1.17,1.02,0.74,1.05,0.65,0.61,0.91,0.85,0.83,1.17,0.87,0.71,0.83,0.82,1.32,1.49,1.40,1.93,1.76,1.59,1.53,2.64,2.18,1.65,1.74,1.50,1.97,1.85,1.88,1.66,2.87,3.23,2.97,3.92,3.16,2.82,2.64,2.75,2.66,3.11,3.43,4.85,9.08,8.66,8.21,8.41,8.35,7.21,7.96,7.38,5.29,5.93,6.12,6.10,11.22,11.03,13.67,10.50,10.56,6.88,3.07,2.99,3.58,3.13,3.42,2.64,2.49,4.85,5.99,4.47,4.48,4.57,5.48,4.19,4.59,5.24,6.26
purchase of  short-term investments,0.0,0.0,0.0,0.0,0.0,0.0,0.0,0.0,0.0,0.0,0.0,0.0,0.0,0.0,0.0,0.0,0.0,0.0,0.0,0.0,0.0,0.0,0.0,0.0,0.0,0.0,0.0,0.0,0.0,0.0,0.0,0.0,0.0,0.0,0.0,0.0,0.0,0.0,0.0,0.0,0.0,0.0,0.0,0.0,0.0,0.0,0.0,0.0,0.0,0.0,0.0,0.0,0.0,0.0,0.0,0.0,0.0,0.0,0.0,0.0,0.0,0.0,0.0,0.0,0.0,0.0,0.0,0.0,0.0,0.0,0.0,0.0,0.0,0.0,0.0,0.0,0.0
purchase of long-term investments,0.0,0.0,0.0,0.0,0.0,0.0,0.0,0.0,0.0,0.0,0.0,0.0,0.0,0.0,0.0,0.0,0.0,0.0,0.0,0.0,0.0,0.0,0.0,0.0,0.0,0.0,0.0,0.0,0.0,0.0,0.0,0.0,0.0,0.0,0.0,0.0,0.0,0.0,0.0,0.0,0.0,0.0,0.0,0.0,0.0,0.0,0.0,0.0,0.0,0.0,0.0,0.0,0.0,0.0,0.0,0.0,0.0,0.0,0.0,0.0,0.0,0.0,0.0,0.0,0.0,0.0,0.0,0.0,0.0,0.0,0.0,0.0,0.0,0.0,0.0,0.0,0.0
quarterly indicator,3,4,1,2,3,4,1,2,3,4,1,2,3,4,1,2,3,4,1,2,3,4,1,2,3,4,1,2,3,4,1,2,3,4,1,2,3,4,1,2,3,4,1,2,3,4,1,2,3,4,1,2,3,4,1,2,3,4,1,2,3,4,1,2,3,4,1,2,3,4,1,2,3,4,1,2,3
quick ratio,1.2,1.2,1.0,0.9,1.0,2.4,2.4,2.3,0.7,1.6,1.7,1.5,1.6,2.0,1.7,2.1,2.3,2.0,1.8,1.6,1.9,2.0,2.4,2.1,1.9,1.8,1.9,1.9,2.0,1.9,1.7,2.0,1.8,1.9,2.1,2.1,2.5,1.9,2.0,2.1,2.1,2.2,2.3,2.4,2.1,2.1,2.2,2.0,2.6,2.0,2.1,2.3,2.4,2.4,2.5,2.6,2.3,2.3,2.8,2.8,2.6,2.7,2.8,3.3,3.3,2.8,3.0,2.8,3.0,2.6,3.2,3.1,3.3,2.9,3.4,3.2,3.5
receivables,14.3,12.7,11.3,10.5,10.8,8.4,9.2,9.1,8.4,8.1,7.6,7.9,7.7,7.2,7.7,9.0,9.3,9.6,8.9,10.1,10.7,10.8,11.5,12.4,12.7,13.6,13.8,15.0,13.5,14.6,14.0,14.8,14.1,17.3,14.6,16.5,15.7,17.7,20.1,21.5,20.7,27.9,34.9,44.9,49.5,62.3,56.8,68.6,65.4,68.5,61.4,74.9,70.2,84.5,94.0,112.2,105.6,126.4,124.9,135.4,108.4,115.7,98.6,117.7,104.7,109.4,93.2,113.3,102.9,143.1,128.2,145.4,133.9,157.6,156.8,181.4,155.0
receivables as % of revenue,20.3,17.7,16.2,15.4,16.2,15.1,15.5,16.2,16.0,15.4,15.4,16.5,16.7,16.5,17.6,20.4,20.9,21.1,19.1,20.7,20.7,19.8,19.6,20.3,20.2,20.4,20.3,21.1,18.4,19.3,17.8,18.4,17.3,20.3,16.8,18.6,17.2,19.3,21.2,22.0,20.5,25.9,30.1,31.7,28.6,29.8,24.3,27.6,25.6,26.4,22.6,26.1,23.5,26.5,26.4,28.4,24.5,26.4,25.1,25.8,20.8,23.3,20.7,26.2,23.3,24.1,20.4,24.2,21.8,28.2,23.5,25.5,22.4,25.3,24.3,26.4,22.1
receivables per day sales,72.92,63.85,58.20,55.59,58.47,54.29,55.95,58.40,57.60,55.54,55.50,59.37,60.00,59.31,63.29,73.30,75.41,75.96,68.61,74.36,74.36,71.21,70.65,73.18,72.54,73.37,73.19,76.03,66.26,69.52,63.99,66.08,62.42,72.99,60.32,66.92,61.74,69.44,76.28,79.29,73.77,93.22,108.36,113.97,102.90,107.23,87.44,99.19,92.25,94.89,81.49,93.78,84.72,95.55,95.04,102.16,88.23,95.10,90.21,92.88,75.03,83.74,74.68,94.25,83.86,86.75,73.34,87.30,78.50,101.42,84.72,91.89,80.67,90.98,87.63,95.11,79.59
receivables turnover,4.7,5.5,6.0,5.5,5.3,5.3,5.8,5.7,5.5,6.4,5.9,5.6,5.7,5.7,5.7,5.2,5.2,5.4,5.6,5.1,5.2,5.4,5.7,5.4,5.4,5.5,5.4,5.2,5.6,5.4,5.7,5.4,5.9,5.3,6.1,5.7,6.2,5.3,5.5,5.1,5.5,4.7,4.2,4.3,4.9,4.6,5.1,4.4,4.4,4.0,4.6,4.0,4.4,4.2,4.6,4.2,4.9,4.5,4.6,4.2,4.9,4.1,4.3,3.6,4.2,4.0,4.8,4.0,4.5,4.0,4.9,4.4,5.0,4.1,4.5,4.2,4.9
repayment of long-term debt,-7.1,-8.5,-7.2,-6.7,-9.1,-11.3,-2.6,-2.3,-4.1,-4.7,-1.0,-1.4,-3.1,-6.3,-2.3,-2.3,-2.4,-3.0,-2.6,-5.1,-5.6,-5.0,-0.2,-0.2,-0.6,-2.2,-0.7,-1.0,-1.5,-2.6,-0.5,-0.9,-1.4,-1.9,-0.9,-1.7,-0.8,-2.7,-0.4,0.0,-0.2,0.0,-1.6,0.0,-1.5,-2.3,-1.2,-10.9,-10.8,-18.9,0.0,-4.6,-7.3,-4.8,-3.1,-5.3,-7.4,-4.9,-2.5,-5.0,-14.6,-19.4,-15.6,-15.8,-26.2,-35.0,-10.1,-0.2,-0.2,0.0,-3.1,-0.2,-0.2,-0.2,0.0,0.0,0.0
repurchase of capital stock,0.0,0.0,0.0,0.0,0.0,0.0,0.0,0.0,0.0,0.0,0.0,0.0,0.0,0.0,0.0,0.0,0.0,0.0,0.0,0.0,0.0,0.0,0.0,0.0,0.0,0.0,-0.4,-0.6,-1.2,-1.3,-1.0,-1.7,-1.9,-2.0,-0.5,-0.8,-1.2,-2.1,0.0,-0.4,-0.4,-0.4,0.0,0.0,0.0,0.0,0.0,0.0,0.0,0.0,0.0,0.0,0.0,0.0,0.0,0.0,0.0,0.0,0.0,0.0,0.0,0.0,0.0,0.0,0.0,0.0,-1.3,-1.3,-1.3,-1.3,0.0,0.0,0.0,-0.9,-0.0,-1.5,0.0
restricted cash,0.0,0.0,0.0,0.0,0.0,0.0,0.0,0.0,0.0,0.0,0.0,0.0,0.0,0.0,0.0,0.0,0.0,0.0,0.0,0.0,0.0,0.0,0.0,0.0,0.0,0.0,0.0,0.0,0.0,0.0,0.0,0.0,0.0,0.0,0.0,0.0,0.0,0.0,0.0,0.0,0.0,0.0,0.0,0.0,0.0,0.0,0.0,0.0,0.0,0.0,0.0,0.0,0.0,0.0,0.0,0.0,0.0,0.0,0.0,0.0,0.0,0.0,0.0,0.0,0.0,0.0,0.0,0.0,0.0,0.0,0.0,0.0,0.0,0.0,0.0,0.0,0.0
retained earnings,1.6,-0.1,-0.4,-6.4,-6.4,-6.1,-6.1,-6.6,-14.4,-15.4,-15.4,-15.1,-14.9,-14.6,-14.5,-14.0,-13.7,-13.2,-13.0,-12.8,-13.4,-13.0,-12.9,-12.6,-12.2,-11.5,-11.3,-10.4,-9.7,-8.6,-7.8,-6.5,-6.0,-4.7,-3.5,-2.2,-1.6,-0.3,1.1,2.6,3.6,5.5,5.8,7.2,8.5,10.3,10.8,14.6,16.9,20.9,22.5,27.9,30.4,36.4,37.3,45.1,48.0,57.4,62.3,72.5,74.7,80.3,81.4,87.2,86.8,92.6,96.4,104.4,108.3,119.1,125.9,136.3,138.3,152.0,159.6,173.5,173.0
revenue per $  plant (net),8.21,7.16,7.21,7.64,7.92,9.13,10.03,9.84,9.38,9.05,8.36,8.12,7.97,7.53,7.68,7.75,7.28,6.89,4.13,3.85,4.32,4.04,4.47,4.73,4.89,5.03,5.11,5.77,6.08,6.42,6.73,6.82,6.89,7.13,7.38,7.41,7.43,7.49,7.29,7.24,7.54,6.78,4.11,5.20,6.44,7.27,7.96,9.96,9.91,9.82,9.81,9.45,9.31,9.05,9.15,8.37,8.45,8.52,8.85,9.14,8.92,8.35,8.10,7.75,7.97,8.22,8.42,8.29,8.38,8.67,9.08,9.33,9.09,10.05,9.92,9.64,9.67
revenue per $ cash,27.15,19.35,26.88,29.57,28.91,17.41,25.74,29.53,18.75,26.25,37.92,23.95,35.54,25.71,36.50,49.11,34.15,32.50,24.58,48.90,172.67,54.60,97.67,122.00,88.88,203.78,81.01,71.50,108.53,78.14,77.08,50.75,114.44,103.38,47.92,138.14,169.86,107.58,120.29,84.80,113.63,53.33,21.04,32.48,47.21,52.35,91.28,87.21,72.43,100.79,60.63,60.87,61.68,73.44,48.94,68.50,35.73,72.50,58.95,56.64,30.29,39.39,34.83,64.90,31.74,35.99,26.77,32.65,20.85,36.09,25.54,30.39,21.76,27.75,28.36,19.91,19.25
revenue per $ common equity,2.51,2.72,2.68,3.40,3.31,2.74,2.90,2.83,4.34,4.77,4.44,4.20,3.98,3.64,3.13,3.01,2.94,2.92,2.35,2.42,2.63,2.56,2.73,2.79,2.84,2.90,2.97,3.02,3.11,3.05,3.18,3.17,3.14,3.02,2.97,2.89,2.95,2.90,2.88,2.82,2.81,2.55,2.69,3.11,3.70,4.27,4.65,4.54,4.33,4.07,4.09,3.96,3.89,3.78,3.98,3.91,4.08,3.96,3.92,4.00,3.90,3.40,3.18,2.83,2.83,2.75,2.72,2.54,2.50,2.48,2.56,2.58,2.62,2.60,2.56,2.54,2.55
revenue per $ invested capital,1.44,1.51,1.80,0.92,0.91,0.74,0.81,0.77,0.95,0.83,2.25,2.21,2.16,2.23,2.25,2.20,2.07,2.11,1.46,1.54,1.58,1.31,1.37,1.45,1.52,1.64,1.67,1.80,1.90,1.97,2.08,2.02,2.12,2.12,2.15,2.16,2.16,2.22,2.15,2.11,2.22,1.81,1.20,1.37,1.67,1.92,2.12,2.41,2.34,2.51,2.53,2.43,2.53,2.39,2.09,2.08,2.16,2.20,2.21,2.29,2.42,2.23,2.23,1.99,2.08,2.13,2.22,1.79,1.83,1.81,1.91,1.94,1.89,1.91,1.90,1.83,1.92
revenue per share,13.68,13.88,13.55,13.18,12.89,10.79,11.47,10.87,10.17,10.17,9.55,9.28,8.95,4.16,3.69,3.67,3.67,3.74,3.12,3.24,3.44,3.33,3.56,3.70,3.83,4.05,4.18,4.41,4.67,4.80,5.12,4.89,5.31,5.54,5.64,5.72,5.92,6.03,6.24,6.40,6.52,6.69,7.15,8.69,10.56,12.68,14.03,14.87,14.97,15.04,15.66,16.41,16.76,17.82,19.75,21.62,23.36,25.75,26.49,27.87,27.62,26.41,25.15,23.74,23.71,23.90,24.20,24.28,24.25,26.08,27.77,28.96,30.17,31.40,32.33,33.92,34.20
revenue/assets,0.7,0.7,0.7,0.8,0.8,0.7,0.8,0.7,0.7,0.8,1.8,1.7,1.7,1.8,1.8,1.8,1.7,1.7,1.2,1.3,1.3,1.1,1.2,1.3,1.3,1.4,1.4,1.4,1.6,1.6,1.6,1.6,1.7,1.7,1.7,1.7,1.8,1.8,1.7,1.7,1.8,1.4,1.0,1.1,1.3,1.5,1.7,1.8,1.8,1.9,1.9,1.9,2.0,1.9,1.7,1.7,1.7,1.7,1.8,1.8,2.0,1.8,1.8,1.7,1.7,1.7,1.8,1.5,1.5,1.4,1.6,1.6,1.6,1.5,1.6,1.5,1.6
sale of long-term investments,0.0,0.0,0.0,0.0,0.0,0.0,0.0,0.0,0.0,0.0,0.0,0.0,0.0,0.0,0.0,0.0,0.0,0.0,0.0,0.0,0.0,0.0,0.0,0.0,0.0,0.0,0.0,0.0,0.0,0.0,0.0,0.0,0.0,0.0,0.0,0.0,0.0,0.0,0.0,0.0,0.0,0.0,0.0,0.0,0.0,0.0,0.0,0.0,0.0,0.0,0.0,0.0,0.0,0.0,0.0,0.0,0.0,0.0,0.0,0.0,0.0,0.0,0.0,0.0,0.0,0.6,0.0,0.0,0.8,0.8,0.0,0.0,0.8,0.8,0.0,0.0,0.0
sale of short-term investments,0.0,0.0,0.0,0.0,0.0,0.0,0.0,0.0,0.0,0.0,0.0,0.0,0.0,0.0,0.0,0.0,0.0,0.0,0.0,0.0,0.0,0.0,0.0,0.0,0.0,0.0,0.0,0.0,0.0,0.0,0.0,0.0,0.0,0.0,0.0,0.0,0.0,0.0,0.0,0.0,0.0,0.0,0.0,0.0,0.0,0.0,0.0,13.6,0.0,0.0,0.0,0.0,0.0,0.0,0.0,0.0,0.0,0.0,0.0,0.0,0.0,0.0,0.0,0.0,0.0,0.0,0.0,0.0,0.0,0.0,0.0,0.0,0.0,0.0,0.0,0.0,0.0
sales per $ inventory,8.40,8.63,8.52,8.83,9.11,8.44,9.11,9.05,9.21,9.21,8.50,8.12,7.70,6.94,6.84,7.02,6.94,6.69,5.19,5.62,6.17,6.35,6.98,7.44,8.23,8.52,8.18,8.68,9.08,9.17,9.34,9.33,9.16,9.67,9.66,9.69,10.04,9.67,10.27,9.93,10.52,10.84,9.87,11.45,13.40,16.87,18.61,24.49,24.86,24.69,23.78,27.44,26.94,27.64,27.66,29.38,27.45,29.16,26.79,27.71,25.88,25.32,23.85,23.03,22.94,23.00,23.29,22.75,22.62,23.81,24.52,25.37,25.59,24.96,24.79,25.83,26.14
sales per $ receivables,4.94,5.64,6.19,6.48,6.16,6.63,6.43,6.16,6.25,6.48,6.49,6.06,6.00,6.07,5.69,4.91,4.77,4.74,5.25,4.84,4.84,5.06,5.10,4.92,4.96,4.91,4.92,4.73,5.43,5.18,5.63,5.45,5.77,4.93,5.97,5.38,5.83,5.18,4.72,4.54,4.88,3.86,3.32,3.16,3.50,3.36,4.12,3.63,3.90,3.79,4.42,3.84,4.25,3.77,3.79,3.52,4.08,3.79,3.99,3.88,4.80,4.30,4.82,3.82,4.29,4.15,4.91,4.12,4.59,3.55,4.25,3.92,4.46,3.96,4.11,3.79,4.52
sales per employee,None,86999,None,None,None,91914,None,None,None,91304,None,None,None,89918,None,None,None,94792,None,None,None,78000,None,None,None,95194,None,None,None,94554,None,None,None,100095,None,None,None,102084,None,None,None,108977,None,None,None,83618,None,None,None,96236,None,None,None,93632,None,None,None,129318,None,None,None,146341,None,None,None,146409,None,None,None,145149,None,None,None,164142,None,None,None
shares out (common class only),5.2,5.2,5.2,5.2,5.2,5.2,5.2,5.2,5.2,5.2,5.2,5.2,5.2,10.5,11.9,12.1,12.1,12.2,15.0,15.1,15.1,16.4,16.5,16.5,16.5,16.5,16.3,16.1,15.7,15.8,15.4,16.5,15.3,15.3,15.5,15.5,15.5,15.2,15.2,15.2,15.4,16.1,16.2,16.3,16.4,16.5,16.7,16.7,17.1,17.3,17.3,17.5,17.8,17.9,18.0,18.3,18.4,18.6,18.8,18.8,18.8,18.8,18.9,18.9,19.0,19.0,18.9,19.2,19.5,19.5,19.6,19.7,19.8,19.9,19.9,20.2,20.5
short-term debt,7.1,3.9,6.2,6.3,5.8,1.3,1.3,1.3,11.0,1.7,1.7,1.7,1.6,0.3,0.3,0.3,0.3,0.3,0.3,0.4,0.4,0.9,1.0,1.0,1.6,1.6,1.6,1.6,1.6,1.5,1.5,1.5,1.5,1.5,1.5,1.5,1.5,1.5,1.5,1.5,1.5,1.5,3.0,3.3,3.5,3.8,4.1,4.6,5.4,5.9,6.4,6.4,6.4,4.9,4.9,5.6,6.3,6.2,6.2,6.1,6.3,4.8,3.3,1.8,0.3,0.3,0.3,0.3,0.3,0.2,0.1,0.1,0.0,0.0,0.0,0.0,0.0
special income charges,0.0,0.0,0.0,0.0,0.0,0.0,0.0,0.0,0.0,0.0,0.0,0.0,0.0,0.0,0.0,0.0,0.0,0.0,0.0,0.0,-1.2,-0.1,0.0,0.0,0.0,0.2,0.0,0.0,0.0,0.0,0.0,0.0,0.0,-0.4,0.0,0.0,0.0,0.0,0.0,0.0,0.0,0.0,0.0,0.0,0.0,0.0,0.0,0.0,0.0,0.0,0.0,0.0,0.0,0.0,0.0,0.0,0.0,0.0,0.0,0.0,0.0,0.0,0.0,0.0,0.0,0.0,0.0,0.0,0.0,0.0,0.0,0.0,0.0,0.0,0.0,0.0,0.0
tangible book value per share,4.26,3.93,3.91,2.73,2.79,2.85,2.89,2.79,2.34,2.13,2.15,2.21,2.25,1.14,1.18,1.22,1.25,1.28,1.10,1.10,1.06,0.64,0.66,0.68,0.70,0.75,0.76,0.81,0.84,0.92,0.94,0.93,1.03,1.18,1.25,1.33,1.36,1.42,1.50,1.61,1.67,1.62,0.90,0.98,1.02,1.13,1.20,1.65,1.86,2.13,2.27,2.60,2.79,3.21,2.09,2.71,2.23,3.05,3.61,4.10,4.27,4.73,4.87,5.24,5.30,5.69,5.87,4.20,4.33,5.14,5.57,5.99,5.58,6.36,6.82,6.85,7.01
total assets per share,20.07,20.00,18.10,17.03,16.59,15.52,15.04,14.94,13.78,13.45,5.27,5.43,5.21,2.30,2.06,2.07,2.15,2.23,2.54,2.56,2.56,2.92,2.91,2.95,2.95,2.94,3.08,3.09,3.01,3.04,3.13,3.00,3.13,3.34,3.23,3.28,3.24,3.43,3.66,3.82,3.67,4.62,7.16,7.70,7.95,8.70,8.43,8.41,8.12,8.10,8.05,8.75,8.38,9.58,11.77,12.94,13.75,15.09,14.80,15.11,14.03,14.65,13.71,14.31,13.76,13.96,13.32,16.58,16.29,18.25,17.78,18.50,19.28,20.33,20.44,23.16,21.81
total capitalization,0.0,0.0,0.0,0.0,0.0,0.0,0.0,0.0,0.0,0.0,0.0,0.0,0.0,0.0,0.0,0.0,0.0,0.0,0.0,0.0,0.0,41.9,42.8,42.2,41.5,40.7,40.6,39.6,38.6,38.3,37.9,40.0,38.2,40.2,40.5,41.1,42.4,41.3,44.1,46.1,45.4,59.4,96.7,103.6,103.8,108.8,110.4,103.3,109.2,103.7,107.2,118.4,117.7,133.0,170.7,189.8,199.2,217.6,225.2,229.5,214.6,223.2,212.9,226.1,216.6,213.0,206.5,261.5,257.6,280.3,285.7,294.0,316.0,325.8,338.3,376.2,364.4
total debt as % total assets,72.9,74.5,72.1,77.2,76.6,74.5,73.7,74.3,83.0,84.3,59.2,59.6,57.2,50.2,43.3,40.8,42.3,42.4,47.8,47.7,49.0,55.3,55.2,54.9,54.3,52.6,54.4,52.7,50.0,48.3,48.5,48.6,46.0,44.9,41.3,39.5,38.2,39.2,40.8,40.6,36.8,43.1,62.8,63.7,64.1,65.9,64.2,61.1,57.4,54.4,52.4,52.7,48.7,50.8,57.8,57.2,58.4,56.9,54.3,53.9,49.6,46.9,42.3,41.3,39.1,37.7,33.2,42.3,40.5,42.5,38.9,39.4,40.3,40.6,38.3,42.3,38.4
total debt/equity ratio,1.00,0.95,0.72,3.02,2.91,2.77,2.63,2.72,4.48,4.91,1.13,1.05,0.98,0.66,0.41,0.39,0.44,0.40,0.62,0.59,0.69,1.00,1.04,0.97,0.94,0.84,0.85,0.75,0.70,0.61,0.59,0.63,0.54,0.48,0.43,0.39,0.41,0.35,0.39,0.38,0.31,0.44,1.31,1.34,1.29,1.30,1.31,0.97,0.95,0.72,0.75,0.74,0.63,0.69,0.96,0.95,0.95,0.88,0.84,0.81,0.66,0.58,0.47,0.45,0.37,0.29,0.23,0.42,0.37,0.37,0.34,0.33,0.39,0.36,0.35,0.39,0.32
total non-current assets,74.5,76.9,69.7,66.0,63.7,60.4,58.8,58.8,52.6,52.7,11.7,11.3,11.1,8.0,8.1,7.8,8.1,8.5,17.0,17.9,18.0,26.3,25.8,25.8,26.0,25.7,25.6,24.4,23.9,23.4,23.3,23.3,23.0,23.1,22.9,22.9,22.7,22.8,23.5,24.0,23.7,33.1,59.2,59.6,59.9,62.3,62.9,54.7,55.3,55.1,56.1,59.2,60.1,63.5,92.2,100.3,116.7,123.5,119.2,115.0,114.0,119.3,118.8,120.4,117.0,114.6,114.0,162.7,163.0,165.2,167.3,167.5,186.3,185.1,190.1,213.4,213.0
total ordinary shares,0.0,0.0,0.0,0.0,0.0,0.0,0.0,0.0,0.0,0.0,0.0,0.0,0.0,0.0,0.0,0.0,0.0,0.0,0.0,0.0,0.0,0.0,0.0,0.0,0.0,0.0,0.0,0.0,0.0,0.0,0.0,0.0,0.0,0.0,0.0,0.0,0.0,0.0,0.0,0.0,0.0,0.0,0.0,0.0,0.0,0.0,0.0,0.0,0.0,0.0,0.0,0.0,0.0,0.0,0.0,0.0,0.0,0.0,0.0,0.0,0.0,0.0,0.0,0.0,0.0,0.0,0.0,0.0,0.0,0.0,0.0,0.0,0.0,0.0,0.0,0.0,0.0
total revenue,18.1,17.6,16.5,15.8,16.6,13.4,13.4,12.7,13.0,13.4,10.2,11.3,11.3,11.0,10.2,11.7,11.5,12.1,11.4,13.9,14.4,14.9,15.4,16.3,16.5,18.4,16.8,19.5,18.7,20.7,19.8,21.6,19.0,24.6,22.0,23.2,21.8,24.9,24.9,25.8,25.1,31.8,33.2,51.8,56.3,67.8,57.9,67.0,62.6,76.0,65.7,83.2,73.3,96.1,103.5,122.3,108.8,143.9,123.3,148.8,104.3,121.2,100.9,123.3,104.1,125.5,104.5,133.1,108.8,161.6,141.1,158.3,136.5,187.9,161.5,200.6,151.0
treasury shares,0.0,0.0,0.0,0.0,0.0,0.0,0.0,0.0,0.0,0.0,0.0,0.0,0.0,0.0,0.0,0.0,0.0,0.0,0.0,0.0,0.0,0.0,0.0,0.0,0.0,0.0,0.3,0.4,0.9,0.9,1.0,1.2,1.3,1.3,1.4,1.5,1.6,1.9,2.0,2.0,2.0,2.0,2.0,2.0,2.0,2.0,2.0,2.0,2.0,2.0,2.0,2.0,2.0,2.0,0.0,0.0,0.0,0.0,0.0,0.0,0.0,0.0,0.0,0.0,0.0,0.0,0.1,0.1,0.1,0.1,0.1,0.1,0.1,0.1,0.1,0.1,0.1
treasury stock,0.0,0.0,0.0,0.0,0.0,0.0,0.0,0.0,0.0,0.0,0.0,0.0,0.0,0.0,0.0,0.0,0.0,0.0,0.0,0.0,0.0,-0.1,-0.1,-0.1,-0.1,-0.1,-0.5,-0.7,-1.3,-1.4,-1.6,-2.2,-2.5,-2.6,-3.1,-3.3,-3.7,-4.6,-5.0,-5.0,-5.0,-5.0,-5.0,-5.0,-5.0,-5.0,-5.0,-5.0,-5.0,-5.0,-5.0,-5.0,-5.0,-5.0,0.0,0.0,0.0,0.0,0.0,0.0,0.0,0.0,0.0,0.0,0.0,0.0,-1.3,-1.3,-1.3,-1.3,-1.3,-1.3,-1.3,-1.3,-1.3,-1.3,-1.3
working capital,14.6,12.8,10.3,8.1,9.0,14.9,14.0,13.7,2.7,10.7,10.2,10.3,10.2,11.5,11.3,12.3,13.3,13.1,15.0,13.9,14.9,15.9,17.1,16.6,15.7,15.0,16.8,17.0,16.3,16.6,16.2,18.2,16.8,18.7,19.3,19.8,20.9,19.7,21.8,23.3,22.7,27.7,38.9,45.4,45.4,49.1,50.3,50.8,56.6,49.2,52.1,59.5,58.1,70.2,79.4,91.3,85.5,100.2,111.7,117.4,102.8,109.8,100.5,112.5,108.3,107.3,100.9,111.1,111.6,130.5,134.3,142.9,146.7,157.0,164.5,187.8,178.9
working capital as % of price,56.6,62.0,69.6,54.6,96.0,165.1,103.2,112.0,26.8,82.8,105.6,128.0,105.6,117.3,60.8,56.3,62.9,43.7,51.6,52.6,60.9,57.5,72.3,89.8,77.9,80.9,68.7,70.0,66.0,68.9,38.9,36.7,36.0,26.4,31.4,33.9,37.6,33.1,35.9,30.6,25.6,21.9,29.4,32.7,33.1,31.4,30.1,25.5,22.4,18.1,25.0,22.0,19.1,20.1,18.8,16.7,15.2,16.8,15.6,22.1,41.6,41.2,30.5,36.2,31.5,37.6,36.5,28.3,22.1,29.1,27.5,26.5,24.2,29.6,26.4,25.8,19.9
working capital per share,2.83,2.48,2.00,1.57,1.74,2.89,2.71,2.66,0.52,2.07,1.98,2.00,1.98,1.10,0.95,1.02,1.10,1.08,1.00,0.92,0.99,0.97,1.04,1.01,0.95,0.91,1.03,1.05,1.04,1.05,1.05,1.10,1.10,1.22,1.24,1.27,1.35,1.29,1.43,1.53,1.47,1.72,2.40,2.78,2.77,2.98,3.02,3.03,3.32,2.85,3.00,3.40,3.26,3.93,4.40,4.99,4.63,5.39,5.94,6.23,5.46,5.83,5.32,5.94,5.71,5.65,5.34,5.77,5.74,6.70,6.85,7.26,7.41,7.90,8.26,9.28,8.73
working captial as % of equity,52.0,48.7,39.5,40.5,44.8,73.4,68.6,69.2,22.3,97.3,91.9,90.4,87.9,95.8,80.7,83.7,88.1,84.0,75.4,68.8,75.6,74.6,79.5,75.8,70.8,65.4,73.7,72.0,69.1,66.8,65.4,71.3,65.1,66.3,65.6,64.4,67.5,62.1,66.2,67.3,63.3,65.5,90.2,99.5,97.0,100.3,100.0,92.7,96.0,77.0,78.4,82.1,75.9,83.4,88.7,90.2,81.0,83.0,87.8,89.6,77.1,75.0,67.2,70.8,68.1,65.0,60.0,60.3,59.2,63.8,63.0,64.8,64.4,65.5,65.5,69.4,65.0
